t,x
0.000000000000,1.000000000000
0.050000000000,0.998782353790
0.100000000000,0.995257575995
0.150000000000,0.989614977591
0.200000000000,0.982039692853
0.250000000000,0.972712378308
0.300000000000,0.961808937421
0.350000000000,0.949500270466
0.400000000000,0.935952048996
0.450000000000,0.921324514316
0.500000000000,0.905772299311
0.550000000000,0.889444272978
0.600000000000,0.872483406956
0.650000000000,0.855026663366
0.700000000000,0.837204903224
0.750000000000,0.819142814686
0.800000000000,0.800958860381
0.850000000000,0.782765243061
0.900000000000,0.764667888798
0.950000000000,0.746766446956
1.000000000000,0.729154306145
1.050000000000,0.711918625399
1.100000000000,0.695140379766
1.150000000000,0.678894419556
1.200000000000,0.663249542463
1.250000000000,0.648268577791
1.300000000000,0.634008482015
1.350000000000,0.620520444947
1.400000000000,0.607850005738
1.450000000000,0.596037177999
1.500000000000,0.585116583318
1.550000000000,0.575117592472
1.600000000000,0.566064473641
1.650000000000,0.557976546943
1.700000000000,0.550868344650
1.750000000000,0.544749776420
1.800000000000,0.539626298951
1.850000000000,0.535499089423
1.900000000000,0.532365222172
1.950000000000,0.530217848007
2.000000000000,0.529046375646
2.050000000000,0.528836654726
2.100000000000,0.529571159905
2.150000000000,0.531229175556
2.200000000000,0.533786980598
2.250000000000,0.537218033025
2.300000000000,0.541493153711
2.350000000000,0.546580709094
2.400000000000,0.552446792355
2.450000000000,0.559055402755
2.500000000000,0.566368622764
2.550000000000,0.574346792698
2.600000000000,0.582948682547
2.650000000000,0.592131660733
2.700000000000,0.601851859531
2.750000000000,0.612064336936
2.800000000000,0.622723234731
2.850000000000,0.633781932590
2.900000000000,0.645193198017
2.950000000000,0.656909331956
3.000000000000,0.668882309943
3.050000000000,0.681063918662
3.100000000000,0.693405887791
3.150000000000,0.705860017049
3.200000000000,0.718378298361
3.250000000000,0.730913033073
3.300000000000,0.743416944163
3.350000000000,0.755843283421
3.400000000000,0.768145933556
3.450000000000,0.780279505233
3.500000000000,0.792199429025
3.550000000000,0.803862042304
3.600000000000,0.815224671079
3.650000000000,0.826245706825
3.700000000000,0.836884678330
3.750000000000,0.847102318619
3.800000000000,0.856860627019
3.850000000000,0.866122926414
3.900000000000,0.874853915778
3.950000000000,0.883019718064
4.000000000000,0.890587923532
4.050000000000,0.897527628614
4.100000000000,0.903809470408
4.150000000000,0.909405656915
4.200000000000,0.914289993114
4.250000000000,0.918437902995
4.300000000000,0.921826447666
4.350000000000,0.924434339641
4.400000000000,0.926241953453
4.450000000000,0.927231332683
4.500000000000,0.927386193563
4.550000000000,0.926691925257
4.600000000000,0.925135586957
4.650000000000,0.922705901923
4.700000000000,0.919393248592
4.750000000000,0.915189648891
4.800000000000,0.910088753877
4.850000000000,0.904085826841
4.900000000000,0.897177723992
4.950000000000,0.889362872863
5.000000000000,0.880641248553
5.050000000000,0.871014347935
5.100000000000,0.860485161960
5.150000000000,0.849058146156
5.200000000000,0.836739189473
5.250000000000,0.823535581567
5.300000000000,0.809455978642
5.350000000000,0.794510367978
5.400000000000,0.778710031233
5.450000000000,0.762067506645
5.500000000000,0.744596550227
5.550000000000,0.726312096063
5.600000000000,0.707230215800
5.650000000000,0.687368077440
5.700000000000,0.666743903507
5.750000000000,0.645376928709
5.800000000000,0.623287357145
5.850000000000,0.600496319174
5.900000000000,0.577025828004
5.950000000000,0.552898736089
6.000000000000,0.528138691406
6.050000000000,0.502770093681
6.100000000000,0.476818050635
6.150000000000,0.450308334310
6.200000000000,0.423267337546
6.250000000000,0.395722030652
6.300000000000,0.367699918346
6.350000000000,0.339228996994
6.400000000000,0.310337712225
6.450000000000,0.281054916936
6.500000000000,0.251409829766
6.550000000000,0.221431994047
6.600000000000,0.191151237296
6.650000000000,0.160597631272
6.700000000000,0.129801452624
6.750000000000,0.098793144183
6.800000000000,0.067603276905
6.850000000000,0.036262512497
6.900000000000,0.004801566755
6.950000000000,-0.026748826365
7.000000000000,-0.058357949938
7.050000000000,-0.089995138479
7.100000000000,-0.121629811584
7.150000000000,-0.153231506765
7.200000000000,-0.184769911483
7.250000000000,-0.216214894366
7.300000000000,-0.247536535589
7.350000000000,-0.278705156436
7.400000000000,-0.309691348011
7.450000000000,-0.340465999116
7.500000000000,-0.371000323278
7.550000000000,-0.401265884926
7.600000000000,-0.431234624731
7.650000000000,-0.460878884089
7.700000000000,-0.490171428759
7.750000000000,-0.519085471672
7.800000000000,-0.547594694878
7.850000000000,-0.575673270680
7.900000000000,-0.603295881927
7.950000000000,-0.630437741479
8.000000000000,-0.657074610868
8.050000000000,-0.683182818133
8.100000000000,-0.708739274865
8.150000000000,-0.733721492441
8.200000000000,-0.758107597489
8.250000000000,-0.781876346556
8.300000000000,-0.805007140021
8.350000000000,-0.827480035239
8.400000000000,-0.849275758934
8.450000000000,-0.870375718859
8.500000000000,-0.890762014711
8.550000000000,-0.910417448340
8.600000000000,-0.929325533232
8.650000000000,-0.947470503301
8.700000000000,-0.964837320986
8.750000000000,-0.981411684666
8.800000000000,-0.997180035409
8.850000000000,-1.012129563053
8.900000000000,-1.026248211643
8.950000000000,-1.039524684228
9.000000000000,-1.051948447019
9.050000000000,-1.063509732941
9.100000000000,-1.074199544559
9.150000000000,-1.084009656414
9.200000000000,-1.092932616765
9.250000000000,-1.100961748743
9.300000000000,-1.108091150941
9.350000000000,-1.114315697439
9.400000000000,-1.119631037266
9.450000000000,-1.124033593328
9.500000000000,-1.127520560793
9.550000000000,-1.130089904946
9.600000000000,-1.131740358532
9.650000000000,-1.132471418581
9.700000000000,-1.132283342730
9.750000000000,-1.131177145055
9.800000000000,-1.129154591412
9.850000000000,-1.126218194300
9.900000000000,-1.122371207252
9.950000000000,-1.117617618765
10.000000000000,-1.111962145772
10.050000000000,-1.105410226666
10.100000000000,-1.097968013883
10.150000000000,-1.089642366051
10.200000000000,-1.080440839715
10.250000000000,-1.070371680640
10.300000000000,-1.059443814708
10.350000000000,-1.047666838403
10.400000000000,-1.035051008907
10.450000000000,-1.021607233798
10.500000000000,-1.007347060378
10.550000000000,-0.992282664611
10.600000000000,-0.976426839706
10.650000000000,-0.959792984334
10.700000000000,-0.942395090493
10.750000000000,-0.924247731026
10.800000000000,-0.905366046810
10.850000000000,-0.885765733601
10.900000000000,-0.865463028571
10.950000000000,-0.844474696523
11.000000000000,-0.822818015800
11.050000000000,-0.800510763899
11.100000000000,-0.777571202796
11.150000000000,-0.754018063983
11.200000000000,-0.729870533240
11.250000000000,-0.705148235138
11.300000000000,-0.679871217287
11.350000000000,-0.654059934340
11.400000000000,-0.627735231755
11.450000000000,-0.600918329334
11.500000000000,-0.573630804537
11.550000000000,-0.545894575595
11.600000000000,-0.517731884413
11.650000000000,-0.489165279293
11.700000000000,-0.460217597471
11.750000000000,-0.430911947486
11.800000000000,-0.401271691394
11.850000000000,-0.371320426824
11.900000000000,-0.341081968909
11.950000000000,-0.310580332077
12.000000000000,-0.279839711736
12.050000000000,-0.248884465849
12.100000000000,-0.217739096417
12.150000000000,-0.186428230878
12.200000000000,-0.154976603439
12.250000000000,-0.123409036349
12.300000000000,-0.091750421118
12.350000000000,-0.060025699714
12.400000000000,-0.028259845723
12.450000000000,0.003522154492
12.500000000000,0.035295320631
12.550000000000,0.067034697290
12.600000000000,0.098715372758
12.650000000000,0.130312497784
12.700000000000,0.161801304284
12.750000000000,0.193157123992
12.800000000000,0.224355407024
12.850000000000,0.255371740365
12.900000000000,0.286181866240
12.950000000000,0.316761700381
13.000000000000,0.347087350156
13.050000000000,0.377135132569
13.100000000000,0.406881592092
13.150000000000,0.436303518344
13.200000000000,0.465377963581
13.250000000000,0.494082260002
13.300000000000,0.522394036844
13.350000000000,0.550291237264
13.400000000000,0.577752134992
13.450000000000,0.604755350741
13.500000000000,0.631279868362
13.550000000000,0.657305050740
13.600000000000,0.682810655399
13.650000000000,0.707776849834
13.700000000000,0.732184226527
13.750000000000,0.756013817662
13.800000000000,0.779247109503
13.850000000000,0.801866056454
13.900000000000,0.823853094755
13.950000000000,0.845191155835
14.000000000000,0.865863679290
14.050000000000,0.885854625488
14.100000000000,0.905148487782
14.150000000000,0.923730304332
14.200000000000,0.941585669515
14.250000000000,0.958700744922
14.300000000000,0.975062269929
14.350000000000,0.990657571837
14.400000000000,1.005474575569
14.450000000000,1.019501812916
14.500000000000,1.032728431329
14.550000000000,1.045144202246
14.600000000000,1.056739528943
14.650000000000,1.067505453915
14.700000000000,1.077433665765
14.750000000000,1.086516505611
14.800000000000,1.094746972986
14.850000000000,1.102118731248
14.900000000000,1.108626112480
14.950000000000,1.114264121877
15.000000000000,1.119028441625
15.050000000000,1.122915434257
15.100000000000,1.125922145490
15.150000000000,1.128046306541
15.200000000000,1.129286335912
15.250000000000,1.129641340651
15.300000000000,1.129111117080
15.350000000000,1.127696150996
15.400000000000,1.125397617338
15.450000000000,1.122217379323
15.500000000000,1.118157987049
15.550000000000,1.113222675569
15.600000000000,1.107415362435
15.650000000000,1.100740644712
15.700000000000,1.093203795462
15.750000000000,1.084810759713
15.800000000000,1.075568149894
15.850000000000,1.065483240760
15.900000000000,1.054563963797
15.950000000000,1.042818901120
16.000000000000,1.030257278856
16.050000000000,1.016888960034
16.100000000000,1.002724436972
16.150000000000,0.987774823174
16.200000000000,0.972051844741
16.250000000000,0.955567831301
16.300000000000,0.938335706475
16.350000000000,0.920368977861
16.400000000000,0.901681726581
16.450000000000,0.882288596358
16.500000000000,0.862204782168
16.550000000000,0.841446018447
16.600000000000,0.820028566878
16.650000000000,0.797969203769
16.700000000000,0.775285207015
16.750000000000,0.751994342674
16.800000000000,0.728114851153
16.850000000000,0.703665433024
16.900000000000,0.678665234472
16.950000000000,0.653133832396
17.000000000000,0.627091219167
17.050000000000,0.600557787057
17.100000000000,0.573554312355
17.150000000000,0.546101939173
17.200000000000,0.518222162965
17.250000000000,0.489936813771
17.300000000000,0.461268039182
17.350000000000,0.432238287071
17.400000000000,0.402870288069
17.450000000000,0.373187037827
17.500000000000,0.343211779058
17.550000000000,0.312967983391
17.600000000000,0.282479333038
17.650000000000,0.251769702286
17.700000000000,0.220863138848
17.750000000000,0.189783845063
17.800000000000,0.158556158980
17.850000000000,0.127204535325
17.900000000000,0.095753526379
17.950000000000,0.064227762772
18.000000000000,0.032651934216
18.050000000000,0.001050770187
18.100000000000,-0.030550979429
18.150000000000,-0.062128563706
18.200000000000,-0.093657250054
18.250000000000,-0.125112343582
18.300000000000,-0.156469206436
18.350000000000,-0.187703277090
18.400000000000,-0.218790089590
18.450000000000,-0.249705292715
18.500000000000,-0.280424669053
18.550000000000,-0.310924153983
18.600000000000,-0.341179854526
18.650000000000,-0.371168068073
18.700000000000,-0.400865300964
18.750000000000,-0.430248286902
18.800000000000,-0.459294005197
18.850000000000,-0.487979698809
18.900000000000,-0.516282892200
18.950000000000,-0.544181408952
19.000000000000,-0.571653389164
19.050000000000,-0.598677306598
19.100000000000,-0.625231985559
19.150000000000,-0.651296617512
19.200000000000,-0.676850777405
19.250000000000,-0.701874439697
19.300000000000,-0.726347994066
19.350000000000,-0.750252260803
19.400000000000,-0.773568505861
19.450000000000,-0.796278455562
19.500000000000,-0.818364310935
19.550000000000,-0.839808761692
19.600000000000,-0.860594999813
19.650000000000,-0.880706732746
19.700000000000,-0.900128196197
19.750000000000,-0.918844166507
19.800000000000,-0.936839972608
19.850000000000,-0.954101507546
19.900000000000,-0.970615239557
19.950000000000,-0.986368222699
20.000000000000,-1.001348107018
20.050000000000,-1.015543148255
20.100000000000,-1.028942217067
20.150000000000,-1.041534807780
20.200000000000,-1.053311046635
20.250000000000,-1.064261699559
20.300000000000,-1.074378179416
20.350000000000,-1.083652552760
20.400000000000,-1.092077546076
20.450000000000,-1.099646551500
20.500000000000,-1.106353632012
20.550000000000,-1.112193526119
20.600000000000,-1.117161651985
20.650000000000,-1.121254111050
20.700000000000,-1.124467691097
20.750000000000,-1.126799868789
20.800000000000,-1.128248811661
20.850000000000,-1.128813379574
20.900000000000,-1.128493125620
20.950000000000,-1.127288296490
21.000000000000,-1.125199832290
21.050000000000,-1.122229365823
21.100000000000,-1.118379221314
21.150000000000,-1.113652412605
21.200000000000,-1.108052640801
21.250000000000,-1.101584291383
21.300000000000,-1.094252430773
21.350000000000,-1.086062802379
21.400000000000,-1.077021822097
21.450000000000,-1.067136573294
21.500000000000,-1.056414801257
21.550000000000,-1.044864907133
21.600000000000,-1.032495941349
21.650000000000,-1.019317596523
21.700000000000,-1.005340199870
21.750000000000,-0.990574705114
21.800000000000,-0.975032683903
21.850000000000,-0.958726316745
21.900000000000,-0.941668383459
21.950000000000,-0.923872253163
22.000000000000,-0.905351873797
22.050000000000,-0.886121761185
22.100000000000,-0.866196987667
22.150000000000,-0.845593170277
22.200000000000,-0.824326458505
22.250000000000,-0.802413521638
22.300000000000,-0.779871535691
22.350000000000,-0.756718169945
22.400000000000,-0.732971573091
22.450000000000,-0.708650359006
22.500000000000,-0.683773592161
22.550000000000,-0.658360772670
22.600000000000,-0.632431821006
22.650000000000,-0.606007062380
22.700000000000,-0.579107210808
22.750000000000,-0.551753352872
22.800000000000,-0.523966931182
22.850000000000,-0.495769727568
22.900000000000,-0.467183846002
22.950000000000,-0.438231695266
23.000000000000,-0.408935971380
23.050000000000,-0.379319639812
23.100000000000,-0.349405917468
23.150000000000,-0.319218254487
23.200000000000,-0.288780315859
23.250000000000,-0.258115962864
23.300000000000,-0.227249234368
23.350000000000,-0.196204327970
23.400000000000,-0.165005581034
23.450000000000,-0.133677451603
23.500000000000,-0.102244499220
23.550000000000,-0.070731365678
23.600000000000,-0.039162755692
23.650000000000,-0.007563417532
23.700000000000,0.024041876383
23.750000000000,0.055628348907
23.800000000000,0.087171237597
23.850000000000,0.118645814127
23.900000000000,0.150027403677
23.950000000000,0.181291404279
24.000000000000,0.212413306111
24.050000000000,0.243368710708
24.100000000000,0.274133350098
24.150000000000,0.304683105827
24.200000000000,0.334994027870
24.250000000000,0.365042353410
24.300000000000,0.394804525467
24.350000000000,0.424257211373
24.400000000000,0.453377321062
24.450000000000,0.482142025174
24.500000000000,0.510528772957
24.550000000000,0.538515309948
24.600000000000,0.566079695419
24.650000000000,0.593200319580
24.700000000000,0.619855920525
24.750000000000,0.646025600898
24.800000000000,0.671688844282
24.850000000000,0.696825531279
24.900000000000,0.721415955291
24.950000000000,0.745440837964
25.000000000000,0.768881344307
25.050000000000,0.791719097458
25.100000000000,0.813936193090
25.150000000000,0.835515213454
25.200000000000,0.856439241026
25.250000000000,0.876691871779
25.300000000000,0.896257228038
25.350000000000,0.915119970933
25.400000000000,0.933265312418
25.450000000000,0.950679026875
25.500000000000,0.967347462255
25.550000000000,0.983257550791
25.600000000000,0.998396819238
25.650000000000,1.012753398652
25.700000000000,1.026316033696
25.750000000000,1.039074091465
25.800000000000,1.051017569821
25.850000000000,1.062137105232
25.900000000000,1.072423980117
25.950000000000,1.081870129676
26.000000000000,1.090468148218
26.050000000000,1.098211294959
26.100000000000,1.105093499313
26.150000000000,1.111109365648
26.200000000000,1.116254177517
26.250000000000,1.120523901353
26.300000000000,1.123915189633
26.350000000000,1.126425383503
26.400000000000,1.128052514858
26.450000000000,1.128795307888
26.500000000000,1.128653180077
26.550000000000,1.127626242661
26.600000000000,1.125715300536
26.650000000000,1.122921851630
26.700000000000,1.119248085728
26.750000000000,1.114696882753
26.800000000000,1.109271810512
26.850000000000,1.102977121892
26.900000000000,1.095817751532
26.950000000000,1.087799311948
27.000000000000,1.078928089139
27.050000000000,1.069211037653
27.100000000000,1.058655775138
27.150000000000,1.047270576366
27.200000000000,1.035064366750
27.250000000000,1.022046715344
27.300000000000,1.008227827338
27.350000000000,0.993618536065
27.400000000000,0.978230294497
27.450000000000,0.962075166276
27.500000000000,0.945165816251
27.550000000000,0.927515500547
27.600000000000,0.909138056179
27.650000000000,0.890047890196
27.700000000000,0.870259968394
27.750000000000,0.849789803577
27.800000000000,0.828653443397
27.850000000000,0.806867457775
27.900000000000,0.784448925910
27.950000000000,0.761415422885
28.000000000000,0.737785005895
28.050000000000,0.713576200087
28.100000000000,0.688807984037
28.150000000000,0.663499774872
28.200000000000,0.637671413049
28.250000000000,0.611343146796
28.300000000000,0.584535616245
28.350000000000,0.557269837245
28.400000000000,0.529567184890
28.450000000000,0.501449376758
28.500000000000,0.472938455889
28.550000000000,0.444056773503
28.600000000000,0.414826971477
28.650000000000,0.385271964593
28.700000000000,0.355414922579
28.750000000000,0.325279251938
28.800000000000,0.294888577604
28.850000000000,0.264266724418
28.900000000000,0.233437698452
28.950000000000,0.202425668187
29.000000000000,0.171254945570
29.050000000000,0.139949966949
29.100000000000,0.108535273923
29.150000000000,0.077035494095
29.200000000000,0.045475321770
29.250000000000,0.013879498597
29.300000000000,-0.017727205833
29.350000000000,-0.049320013400
29.400000000000,-0.080874156882
29.450000000000,-0.112364899371
29.500000000000,-0.143767553664
29.550000000000,-0.175057501619
29.600000000000,-0.206210213455
29.650000000000,-0.237201266976
29.700000000000,-0.268006366725
29.750000000000,-0.298601363025
29.800000000000,-0.328962270912
29.850000000000,-0.359065288939
29.900000000000,-0.388886817835
29.950000000000,-0.418403479006
30.000000000000,-0.447592132859
30.050000000000,-0.476429896947
30.100000000000,-0.504894163906
30.150000000000,-0.532962619175
30.200000000000,-0.560613258495
30.250000000000,-0.587824405154
30.300000000000,-0.614574726984
30.350000000000,-0.640843253080
30.400000000000,-0.666609390246
30.450000000000,-0.691852939134
30.500000000000,-0.716554110081
30.550000000000,-0.740693538623
30.600000000000,-0.764252300674
30.650000000000,-0.787211927366
30.700000000000,-0.809554419522
30.750000000000,-0.831262261770
30.800000000000,-0.852318436271
30.850000000000,-0.872706436065
30.900000000000,-0.892410278007
30.950000000000,-0.911414515297
31.000000000000,-0.929704249592
31.050000000000,-0.947265142685
31.100000000000,-0.964083427743
31.150000000000,-0.980145920101
31.200000000000,-0.995440027599
31.250000000000,-1.009953760452
31.300000000000,-1.023675740650
31.350000000000,-1.036595210876
31.400000000000,-1.048702042942
31.450000000000,-1.059986745728
31.500000000000,-1.070440472621
31.550000000000,-1.080055028450
31.600000000000,-1.088822875914
31.650000000000,-1.096737141487
31.700000000000,-1.103791620809
31.750000000000,-1.109980783547
31.800000000000,-1.115299777733
31.850000000000,-1.119744433569
31.900000000000,-1.123311266690
31.950000000000,-1.125997480901
32.000000000000,-1.127800970367
32.050000000000,-1.128720321265
32.100000000000,-1.128754812889
32.150000000000,-1.127904418220
32.200000000000,-1.126169803941
32.250000000000,-1.123552329922
32.300000000000,-1.120054048146
32.350000000000,-1.115677701106
32.400000000000,-1.110426719651
32.450000000000,-1.104305220301
32.500000000000,-1.097318002015
32.550000000000,-1.089470542431
32.600000000000,-1.080768993572
32.650000000000,-1.071220177025
32.700000000000,-1.060831578587
32.750000000000,-1.049611342404
32.800000000000,-1.037568264582
32.850000000000,-1.024711786290
32.900000000000,-1.011051986365
32.950000000000,-0.996599573402
33.000000000000,-0.981365877367
33.050000000000,-0.965362840710
33.100000000000,-0.948603009003
33.150000000000,-0.931099521110
33.200000000000,-0.912866098877
33.250000000000,-0.893917036386
33.300000000000,-0.874267188740
33.350000000000,-0.853931960423
33.400000000000,-0.832927293222
33.450000000000,-0.811269653728
33.500000000000,-0.788976020429
33.550000000000,-0.766063870399
33.600000000000,-0.742551165598
33.650000000000,-0.718456338788
33.700000000000,-0.693798279085
33.750000000000,-0.668596317151
33.800000000000,-0.642870210037
33.850000000000,-0.616640125698
33.900000000000,-0.589926627182
33.950000000000,-0.562750656506
34.000000000000,-0.535133518243
34.050000000000,-0.507096862818
34.100000000000,-0.478662669534
34.150000000000,-0.449853229345
34.200000000000,-0.420691127378
34.250000000000,-0.391199225228
34.300000000000,-0.361400643038
34.350000000000,-0.331318741370
34.400000000000,-0.300977102895
34.450000000000,-0.270399513903
34.500000000000,-0.239609945657
34.550000000000,-0.208632535602
34.600000000000,-0.177491568439
34.650000000000,-0.146211457090
34.700000000000,-0.114816723561
34.750000000000,-0.083331979711
34.800000000000,-0.051781907967
34.850000000000,-0.020191241966
34.900000000000,0.011415252830
34.950000000000,0.043012798549
35.000000000000,0.074576624336
35.050000000000,0.106081985772
35.100000000000,0.137504184269
35.150000000000,0.168818586435
35.200000000000,0.200000643387
35.250000000000,0.231025909990
35.300000000000,0.261870064029
35.350000000000,0.292508925270
35.400000000000,0.322918474417
35.450000000000,0.353074871944
35.500000000000,0.382954476785
35.550000000000,0.412533864861
35.600000000000,0.441789847452
35.650000000000,0.470699489367
35.700000000000,0.499240126933
35.750000000000,0.527389385754
35.800000000000,0.555125198257
35.850000000000,0.582425820987
35.900000000000,0.609269851658
35.950000000000,0.635636245928
36.000000000000,0.661504333898
36.050000000000,0.686853836315
36.100000000000,0.711664880469
36.150000000000,0.735918015776
36.200000000000,0.759594229022
36.250000000000,0.782674959273
36.300000000000,0.805142112421
36.350000000000,0.826978075370
36.400000000000,0.848165729846
36.450000000000,0.868688465817
36.500000000000,0.888530194511
36.550000000000,0.907675361031
36.600000000000,0.926108956549
36.650000000000,0.943816530073
36.700000000000,0.960784199774
36.750000000000,0.976998663870
36.800000000000,0.992447211053
36.850000000000,1.007117730457
36.900000000000,1.020998721145
36.950000000000,1.034079301136
37.000000000000,1.046349215924
37.050000000000,1.057798846527
37.100000000000,1.068419217023
37.150000000000,1.078202001586
37.200000000000,1.087139531015
37.250000000000,1.095224798746
37.300000000000,1.102451466344
37.350000000000,1.108813868473
37.400000000000,1.114307017337
37.450000000000,1.118926606589
37.500000000000,1.122669014707
37.550000000000,1.125531307838
37.600000000000,1.127511242089
37.650000000000,1.128607265295
37.700000000000,1.128818518229
37.750000000000,1.128144835281
37.800000000000,1.126586744584
37.850000000000,1.124145467602
37.900000000000,1.120822918170
37.950000000000,1.116621700997
38.000000000000,1.111545109624
38.050000000000,1.105597123836
38.100000000000,1.098782406551
38.150000000000,1.091106300158
38.200000000000,1.082574822330
38.250000000000,1.073194661310
38.300000000000,1.062973170662
38.350000000000,1.051918363513
38.400000000000,1.040038906264
38.450000000000,1.027344111800
38.500000000000,1.013843932191
38.550000000000,0.999548950885
38.600000000000,0.984470374415
38.650000000000,0.968620023612
38.700000000000,0.952010324340
38.750000000000,0.934654297750
38.800000000000,0.916565550079
38.850000000000,0.897758261977
38.900000000000,0.878247177396
38.950000000000,0.858047592024
39.000000000000,0.837175341303
39.050000000000,0.815646788007
39.100000000000,0.793478809418
39.150000000000,0.770688784097
39.200000000000,0.747294578254
39.250000000000,0.723314531749
39.300000000000,0.698767443709
39.350000000000,0.673672557794
39.400000000000,0.648049547108
39.450000000000,0.621918498779
39.500000000000,0.595299898209
39.550000000000,0.568214613017
39.600000000000,0.540683876680
39.650000000000,0.512729271884
39.700000000000,0.484372713607
39.750000000000,0.455636431937
39.800000000000,0.426542954647
39.850000000000,0.397115089534
39.900000000000,0.367375906534
39.950000000000,0.337348719644
40.000000000000,0.307057068641
40.050000000000,0.276524700626
40.100000000000,0.245775551412
40.150000000000,0.214833726756
40.200000000000,0.183723483464
40.250000000000,0.152469210373
40.300000000000,0.121095409231
40.350000000000,0.089626675492
40.400000000000,0.058087679031
40.450000000000,0.026503144804
40.500000000000,-0.005102166530
40.550000000000,-0.036703478028
40.600000000000,-0.068276015880
40.650000000000,-0.099795028833
40.700000000000,-0.131235807596
40.750000000000,-0.162573704209
40.800000000000,-0.193784151367
40.850000000000,-0.224842681677
40.900000000000,-0.255724946844
40.950000000000,-0.286406736752
41.000000000000,-0.316863998450
41.050000000000,-0.347072855006
41.100000000000,-0.377009624223
41.150000000000,-0.406650837207
41.200000000000,-0.435973256767
41.250000000000,-0.464953895626
41.300000000000,-0.493570034450
41.350000000000,-0.521799239649
41.400000000000,-0.549619380974
41.450000000000,-0.577008648859
41.500000000000,-0.603945571521
41.550000000000,-0.630409031792
41.600000000000,-0.656378283674
41.650000000000,-0.681832968605
41.700000000000,-0.706753131415
41.750000000000,-0.731119235973
41.800000000000,-0.754912180501
41.850000000000,-0.778113312549
41.900000000000,-0.800704443618
41.950000000000,-0.822667863418
42.000000000000,-0.843986353753
42.050000000000,-0.864643202019
42.100000000000,-0.884622214304
42.150000000000,-0.903907728087
42.200000000000,-0.922484624511
42.250000000000,-0.940338340243
42.300000000000,-0.957454878882
42.350000000000,-0.973820821939
42.400000000000,-0.989423339354
42.450000000000,-1.004250199551
42.500000000000,-1.018289779032
42.550000000000,-1.031531071485
42.600000000000,-1.043963696416
42.650000000000,-1.055577907282
42.700000000000,-1.066364599138
42.750000000000,-1.076315315769
42.800000000000,-1.085422256323
42.850000000000,-1.093678281425
42.900000000000,-1.101076918775
42.950000000000,-1.107612368219
43.000000000000,-1.113279506299
43.050000000000,-1.118073890271
43.100000000000,-1.121991761581
43.150000000000,-1.125030048820
43.200000000000,-1.127186370126
43.250000000000,-1.128459035053
43.300000000000,-1.128847045898
43.350000000000,-1.128350098479
43.400000000000,-1.126968582378
43.450000000000,-1.124703580632
43.500000000000,-1.121556868888
43.550000000000,-1.117530914004
43.600000000000,-1.112628872125
43.650000000000,-1.106854586199
43.700000000000,-1.100212582971
43.750000000000,-1.092708069432
43.800000000000,-1.084346928735
43.850000000000,-1.075135715586
43.900000000000,-1.065081651105
43.950000000000,-1.054192617163
44.000000000000,-1.042477150205
44.050000000000,-1.029944434557
44.100000000000,-1.016604295226
44.150000000000,-1.002467190198
44.200000000000,-0.987544202239
44.250000000000,-0.971847030208
44.300000000000,-0.955387979882
44.350000000000,-0.938179954316
44.400000000000,-0.920236443718
44.450000000000,-0.901571514883
44.500000000000,-0.882199800158
44.550000000000,-0.862136485976
44.600000000000,-0.841397300947
44.650000000000,-0.819998503530
44.700000000000,-0.797956869287
44.750000000000,-0.775289677729
44.800000000000,-0.752014698773
44.850000000000,-0.728150178811
44.900000000000,-0.703714826405
44.950000000000,-0.678727797618
45.000000000000,-0.653208681002
45.050000000000,-0.627177482237
45.100000000000,-0.600654608450
45.150000000000,-0.573660852214
45.200000000000,-0.546217375253
45.250000000000,-0.518345691846
45.300000000000,-0.490067651966
45.350000000000,-0.461405424148
45.400000000000,-0.432381478110
45.450000000000,-0.403018567139
45.500000000000,-0.373339710253
45.550000000000,-0.343368174157
45.600000000000,-0.313127454999
45.650000000000,-0.282641259954
45.700000000000,-0.251933488638
45.750000000000,-0.221028214370
45.800000000000,-0.189949665303
45.850000000000,-0.158722205427
45.900000000000,-0.127370315471
45.950000000000,-0.095918573711
46.000000000000,-0.064391636703
46.050000000000,-0.032814219948
46.100000000000,-0.001211078526
46.150000000000,0.030393012320
46.200000000000,0.061973276602
46.250000000000,0.093504957010
46.300000000000,0.124963334320
46.350000000000,0.156323746778
46.400000000000,0.187561609425
46.449999999999,0.218652433378
46.499999999999,0.249571845023
46.549999999999,0.280295605125
46.599999999999,0.310799627829
46.649999999999,0.341059999544
46.699999999999,0.371052997689
46.749999999999,0.400755109289
46.799999999999,0.430143049411
46.849999999999,0.459193779414
46.899999999999,0.487884525014
46.949999999999,0.516192794135
46.999999999999,0.544096394546
47.049999999999,0.571573451253
47.099999999999,0.598602423649
47.149999999999,0.625162122406
47.199999999999,0.651231726080
47.249999999999,0.676790797437
47.299999999999,0.701819299474
47.349999999999,0.726297611127
47.399999999999,0.750206542655
47.449999999999,0.773527350678
47.499999999999,0.796241752879
47.549999999999,0.818331942329
47.599999999999,0.839780601451
47.649999999999,0.860570915595
47.699999999999,0.880686586220
47.749999999999,0.900111843670
47.799999999999,0.918831459538
47.849999999999,0.936830758604
47.899999999999,0.954095630341
47.949999999999,0.970612539971
47.999999999999,0.986368539086
48.049999999999,1.001351275787
48.099999999999,1.015549004377
48.149999999999,1.028950594564
48.199999999999,1.041545540188
48.249999999999,1.053323967456
48.299999999999,1.064276642685
48.349999999999,1.074394979538
48.399999999999,1.083671045758
48.449999999999,1.092097569383
48.499999999999,1.099667944451
48.549999999999,1.106376236176
48.599999999999,1.112217185600
48.649999999999,1.117186213718
48.699999999999,1.121279425066
48.749999999999,1.124493610778
48.799999999999,1.126826251095
48.849999999999,1.128275517347
48.899999999999,1.128840273383
48.949999999999,1.128520076465
48.999999999999,1.127315177609
49.049999999999,1.125226521395
49.099999999999,1.122255745222
49.149999999999,1.118405178027
49.199999999999,1.113677838456
49.249999999999,1.108077432503
49.299999999999,1.101608350599
49.349999999999,1.094275664172
49.399999999999,1.086085121673
49.449999999999,1.077043144068
49.499999999999,1.067156819803
49.549999999999,1.056433899252
49.599999999999,1.044882788635
49.649999999999,1.032512543429
49.699999999999,1.019332861275
49.749999999999,1.005354074368
49.799999999999,0.990587141361
49.849999999999,0.975043638773
49.899999999999,0.958735751914
49.949999999999,0.941676265331
49.999999999999,0.923878552789
50.049999999999,0.905356566783
50.099999999999,0.886124827601
50.149999999999,0.866198411941
50.199999999999,0.845592941093
50.249999999999,0.824324568690
50.299999999999,0.802409968047
50.349999999999,0.779866319089
50.399999999999,0.756711294881
50.449999999999,0.732963047777
50.499999999999,0.708640195186
50.549999999999,0.683761804978
50.599999999999,0.658347380537
50.649999999999,0.632416845470
50.699999999999,0.605990527989
50.749999999999,0.579089144973
50.799999999999,0.551733785728
50.849999999999,0.523945895455
50.899999999999,0.495747258437
50.949999999999,0.467159980959
50.999999999999,0.438206473985
51.049999999999,0.408909435580
51.099999999999,0.379291833122
51.149999999999,0.349376885294
51.199999999999,0.319188043883
51.249999999999,0.288748975395
51.299999999999,0.258083542499
51.349999999999,0.227215785325
51.399999999999,0.196169902614
51.449999999999,0.164970232747
51.499999999999,0.133641234666
51.549999999999,0.102207468704
51.599999999999,0.070693577320
51.649999999999,0.039124265793
51.699999999999,0.007524282846
51.749999999999,-0.024081598754
51.799999999999,-0.055668601614
51.849999999999,-0.087211963141
51.899999999999,-0.118686954957
51.949999999999,-0.150068902278
51.999999999999,-0.181333203267
52.049999999999,-0.212455348313
52.099999999999,-0.243410939247
52.149999999999,-0.274175708472
52.199999999999,-0.304725537986
52.249999999999,-0.335036478285
52.299999999999,-0.365084767146
52.349999999999,-0.394846848250
52.399999999999,-0.424299389648
52.449999999999,-0.453419302057
52.499999999999,-0.482183756958
52.549999999999,-0.510570204491
52.599999999999,-0.538556391134
52.649999999999,-0.566120377152
52.699999999999,-0.593240553791
52.749999999999,-0.619895660222
52.799999999999,-0.646064800206
52.849999999999,-0.671727458478
52.899999999999,-0.696863516828
52.949999999999,-0.721453269875
52.999999999999,-0.745477440511
53.049999999999,-0.768917195016
53.099999999999,-0.791754157825
53.149999999999,-0.813970425928
53.199999999999,-0.835548582908
53.249999999999,-0.856471712597
53.299999999999,-0.876723412330
53.349999999999,-0.896287805815
53.399999999999,-0.915149555567
53.449999999999,-0.933293874942
53.499999999999,-0.950706539722
53.549999999999,-0.967373899271
53.599999999999,-0.983282887231
53.649999999999,-0.998421031771
53.699999999999,-1.012776465361
53.749999999999,-1.026337934077
53.799999999999,-1.039094806422
53.849999999999,-1.051037081661
53.899999999999,-1.062155397662
53.949999999999,-1.072441038235
53.999999999999,-1.081885939964
54.049999999999,-1.090482698531
54.099999999999,-1.098224574516
54.149999999999,-1.105105498686
54.199999999999,-1.111120076749
54.249999999999,-1.116263593582
54.299999999999,-1.120532016934
54.349999999999,-1.123922000578
54.399999999999,-1.126430886941
54.449999999999,-1.128056709184
54.499999999999,-1.128798192746
54.549999999999,-1.128654756342
54.599999999999,-1.127626512419
54.649999999999,-1.125714267067
54.699999999999,-1.122919519389
54.749999999999,-1.119244460324
54.799999999999,-1.114691970929
54.849999999999,-1.109265620124
54.899999999999,-1.102969661889
54.949999999999,-1.095809031933
54.999999999999,-1.087789343824
55.049999999999,-1.078916884585
55.099999999999,-1.069198609771
55.149999999999,-1.058642138012
55.199999999999,-1.047255745040
55.249999999999,-1.035048357204
55.299999999999,-1.022029544471
55.349999999999,-1.008209512924
55.399999999999,-0.993599096759
55.449999999999,-0.978209749795
55.499999999999,-0.962053536490
55.549999999999,-0.945143122489
55.599999999999,-0.927491764691
55.649999999999,-0.909113300855
55.699999999999,-0.890022138756
55.749999999999,-0.870233244887
55.799999999999,-0.849762132728
55.849999999999,-0.828624850581
55.899999999999,-0.806837968994
55.949999999999,-0.784418567765
55.999999999999,-0.761384222557
56.049999999999,-0.737752991116
56.099999999999,-0.713543399118
56.149999999999,-0.688774425643
56.199999999999,-0.663465488298
56.249999999999,-0.637636427992
56.299999999999,-0.611307493386
56.349999999999,-0.584499325017
56.399999999999,-0.557232939115
56.449999999999,-0.529529711130
56.499999999999,-0.501411358974
56.549999999999,-0.472899925995
56.599999999999,-0.444017763696
56.649999999999,-0.414787514213
56.699999999999,-0.385232092564
56.749999999999,-0.355374668686
56.799999999999,-0.325238649270
56.849999999999,-0.294847659412
56.899999999999,-0.264225524091
56.949999999999,-0.233396249493
56.999999999999,-0.202384004190
57.049999999999,-0.171213100193
57.099999999999,-0.139907973895
57.149999999999,-0.108493166912
57.199999999999,-0.076993306844
57.249999999999,-0.045433087966
57.299999999999,-0.013837251874
57.349999999999,0.017769431914
57.399999999999,0.049362185378
57.449999999999,0.080916241417
57.499999999999,0.112406863267
57.549999999999,0.143809363894
57.599999999999,0.175099125346
57.649999999999,0.206251618051
57.699999999999,0.237242420053
57.749999999999,0.268047236148
57.799999999999,0.298641916940
57.849999999999,0.329002477766
57.899999999999,0.359105117500
57.949999999999,0.388926237216
57.999999999999,0.418442458682
58.049999999999,0.447630642694
58.099999999999,0.476467907209
58.149999999999,0.504931645290
58.199999999999,0.532999542823
58.249999999999,0.560649596015
58.299999999999,0.587860128640
58.349999999999,0.614609809035
58.399999999999,0.640877666819
58.449999999999,0.666643109339
58.499999999999,0.691885937806
58.549999999999,0.716586363137
58.599999999999,0.740725021462
58.649999999999,0.764282989310
58.699999999999,0.787241798442
58.749999999999,0.809583450325
58.799999999999,0.831290430251
58.849999999999,0.852345721058
58.899999999999,0.872732816477
58.949999999999,0.892435734069
58.999999999999,0.911439027756
59.049999999999,0.929727799930
59.099999999999,0.947287713129
59.149999999999,0.964105001280
59.199999999999,0.980166480493
59.249999999999,0.995459559388
59.299999999999,1.009972248977
59.349999999999,1.023693172053
59.399999999999,1.036611572116
59.449999999999,1.048717321801
59.499999999999,1.060000930822
59.549999999999,1.070453553406
59.599999999999,1.080066995233
59.649999999999,1.088833719856
59.699999999999,1.096746854613
59.749999999999,1.103800196012
59.799999999999,1.109988214593
59.849999999999,1.115306059268
59.899999999999,1.119749561119
59.949999999999,1.123315236667
59.999999999999,1.126000290605
60.049999999999,1.127802617990
60.099999999999,1.128720805888
60.149999999999,1.128754134487
60.199999999999,1.127902577660
60.249999999999,1.126166802983
60.299999999999,1.123548171215
60.349999999999,1.120048735228
60.399999999999,1.115671238402
60.449999999999,1.110419112470
60.499999999999,1.104296474830
60.549999999999,1.097308125315
60.599999999999,1.089459542434
60.649999999999,1.080756879074
60.699999999999,1.071206957677
60.749999999999,1.060817264892
60.799999999999,1.049595945707
60.849999999999,1.037551797060
60.899999999999,1.024694260949
60.949999999999,1.011033417021
60.999999999999,0.996579974680
61.049999999999,0.981345264683
61.099999999999,0.965341230263
61.149999999999,0.948580417764
61.199999999999,0.931075966803
61.249999999999,0.912841599974
61.299999999999,0.893891612086
61.349999999999,0.874240858960
61.399999999999,0.853904745779
61.449999999999,0.832899215014
61.499999999999,0.811240733925
61.549999999999,0.788946281653
61.599999999999,0.766033335906
61.649999999999,0.742519859260
61.699999999999,0.718424285076
61.749999999999,0.693765503050
61.799999999999,0.668562844405
61.849999999999,0.642836066733
61.899999999999,0.616605338511
61.949999999999,0.589891223286
61.999999999999,0.562714663557
62.049999999999,0.535096964353
62.099999999999,0.507059776537
62.149999999999,0.478625079828
62.199999999999,0.449815165571
62.249999999999,0.420652619264
62.299999999999,0.391160302849
62.349999999999,0.361361336793
62.399999999999,0.331279081957
62.449999999999,0.300937121289
62.499999999999,0.270359241331
62.549999999999,0.239569413577
62.599999999999,0.208591775673
62.649999999999,0.177450612501
62.699999999999,0.146170337137
62.749999999999,0.114775471716
62.799999999999,0.083290628205
62.849999999999,0.051740489106
62.899999999999,0.020149788115
62.949999999999,-0.011456709278
62.999999999999,-0.043054225198
63.049999999999,-0.074617988811
63.099999999999,-0.106123255743
63.149999999999,-0.137545327477
63.199999999999,-0.168859570720
63.249999999999,-0.200041436708
63.299999999999,-0.231066480457
63.349999999999,-0.261910379919
63.399999999999,-0.292548955059
63.449999999999,-0.322958186803
63.499999999999,-0.353114235870
63.549999999999,-0.382993461462
63.599999999999,-0.412572439798
63.649999999999,-0.441827982473
63.699999999999,-0.470737154640
63.749999999999,-0.499277292989
63.799999999999,-0.527426023513
63.849999999999,-0.555161279050
63.899999999999,-0.582461316579
63.949999999999,-0.609304734269
63.999999999999,-0.635670488257
64.049999999999,-0.661537909141
64.099999999999,-0.686886718188
64.149999999998,-0.711697043230
64.199999999998,-0.735949434243
64.249999999998,-0.759624878596
64.299999999998,-0.782704815951
64.349999999998,-0.805171152821
64.399999999998,-0.827006276748
64.449999999998,-0.848193070113
64.499999999998,-0.868714923556
64.549999999998,-0.888555748994
64.599999999998,-0.907699992237
64.649999999998,-0.926132645178
64.699999999998,-0.943839257562
64.749999999998,-0.960805948312
64.799999999998,-0.977019416411
64.849999999998,-0.992466951330
64.899999999998,-1.007136442993
64.949999999998,-1.021016391270
64.999999999998,-1.034095914994
65.049999999998,-1.046364760486
65.099999999998,-1.057813309601
65.149999999998,-1.068432587262
65.199999999998,-1.078214268500
65.249999999998,-1.087150684978
65.299999999998,-1.095234831002
65.349999999998,-1.102460369017
65.399999999998,-1.108821634571
65.449999999998,-1.114313640756
65.499999999998,-1.118932082123
65.549999999998,-1.122673338049
65.599999999998,-1.125534475581
65.649999999998,-1.127513251735
65.699999999998,-1.128608115250
65.749999999998,-1.128818207810
65.799999999998,-1.128143364713
65.849999999998,-1.126584115002
65.899999999998,-1.124141681048
65.949999999998,-1.120817977595
65.999999999998,-1.116615610256
66.049999999998,-1.111537873471
66.099999999998,-1.105588747927
66.149999999998,-1.098772897432
66.199999999998,-1.091095665265
66.249999999998,-1.082563069983
66.299999999998,-1.073181800702
66.349999999998,-1.062959211858
66.399999999998,-1.051903317436
66.449999999998,-1.040022784693
66.499999999998,-1.027326927355
66.549999999998,-1.013825698327
66.599999999998,-0.999529681879
66.649999999998,-0.984450085357
66.699999999998,-0.968598730391
66.749999999998,-0.951988043632
66.799999999998,-0.934631047008
66.849999999998,-0.916541347515
66.899999999998,-0.897733126550
66.949999999998,-0.878221128796
66.999999999998,-0.858020650660
67.049999999998,-0.837147528281
67.099999999998,-0.815618125119
67.149999999998,-0.793449319123
67.199999999998,-0.770658489501
67.249999999998,-0.747263503097
67.299999999998,-0.723282700380
67.349999999998,-0.698734881074
67.399999999998,-0.673639289409
67.449999999998,-0.648015599046
67.499999999998,-0.621883897644
67.549999999998,-0.595264671120
67.599999999998,-0.568178787582
67.649999999998,-0.540647480978
67.699999999998,-0.512692334440
67.749999999998,-0.484335263372
67.799999999998,-0.455598498265
67.849999999998,-0.426504567272
67.899999999998,-0.397076278543
67.949999999998,-0.367336702350
67.999999999998,-0.337309152998
68.049999999998,-0.307017170546
68.099999999998,-0.276484502358
68.149999999998,-0.245735084482
68.199999999998,-0.214793022886
68.249999999998,-0.183682574562
68.299999999998,-0.152428128508
68.349999999998,-0.121054186608
68.399999999998,-0.089585344427
68.449999999998,-0.058046271924
68.499999999998,-0.026461694116
68.549999999998,0.005143628303
68.599999999998,0.036744918382
68.649999999998,0.068317402327
68.699999999998,0.099836328928
68.749999999998,0.131276988960
68.799999999998,0.162614734557
68.849999999998,0.193824998532
68.899999999998,0.224883313635
68.949999999998,0.255765331738
68.999999999998,0.286446842923
69.049999999998,0.316903794453
69.099999999998,0.347112309641
69.149999999998,0.377048706558
69.199999999998,0.406689516600
69.249999999998,0.436011502893
69.299999999998,0.464991678499
69.349999999998,0.493607324447
69.399999999998,0.521836007535
69.449999999998,0.549655597921
69.499999999998,0.577044286472
69.549999999998,0.603980601858
69.599999999998,0.630443427389
69.649999999998,0.656412017563
69.699999999998,0.681866014338
69.749999999998,0.706785463082
69.799999999998,0.731150828225
69.849999999998,0.754943008568
69.899999999998,0.778143352260
69.949999999998,0.800733671421
69.999999999998,0.822696256397
70.049999999998,0.844013889647
70.099999999998,0.864669859237
70.149999999998,0.884647971946
70.199999999998,0.903932565957
70.249999999998,0.922508523135
70.299999999998,0.940361280882
70.349999999998,0.957476843551
70.399999999998,0.973841793416
70.449999999998,0.989443301195
70.499999999998,1.004269136105
70.549999999998,1.018307675451
70.599999999998,1.031547913737
70.649999999998,1.043979471295
70.699999999998,1.055592602420
70.749999999998,1.066378203012
70.799999999998,1.076327817713
70.849999999998,1.085433646534
70.899999999998,1.093688550973
70.949999999998,1.101086059606
70.999999999998,1.107620373166
71.049999999998,1.113286369085
71.099999999998,1.118079605514
71.149999999998,1.121996324800
71.199999999998,1.125033456436
71.249999999998,1.127188619467
71.299999999998,1.128460124354
71.349999999998,1.128846974304
71.399999999998,1.128348866045
71.449999999998,1.126966190070
71.499999999998,1.124700030324
71.549999999998,1.121552163362
71.599999999998,1.117525056950
71.649999999998,1.112621868133
71.699999999998,1.106846440759
71.749999999998,1.100203302469
71.799999999998,1.092697661142
71.849999999998,1.084335400817
71.899999999998,1.075123077077
71.949999999998,1.065067911912
71.999999999998,1.054177788057
72.049999999998,1.042461242812
72.099999999998,1.029927461346
72.149999999998,1.016586269504
72.199999999998,1.002448126097
72.249999999998,0.987524114704
72.299999999998,0.971825934986
72.349999999998,0.955365893511
72.399999999998,0.938156894110
72.449999999998,0.920212427757
72.499999999998,0.901546561993
72.549999999998,0.882173929902
72.599999999998,0.862109718635
72.649999999998,0.841369657506
72.699999999998,0.819970005660
72.749999999998,0.797927539329
72.799999999998,0.775259538677
72.849999999998,0.751983774255
72.899999999998,0.728118493071
72.949999999998,0.703682404282
72.999999999998,0.678694664531
73.049999999998,0.653174862926
73.099999999998,0.627143005684
73.149999999998,0.600619500447
73.199999999998,0.573625140286
73.249999999998,0.546181087397
73.299999999998,0.518308856510
73.349999999998,0.490030298027
73.399999999998,0.461367580890
73.449999999998,0.432343175201
73.499999999998,0.402979834607
73.549999999998,0.373300578463
73.599999999998,0.343328673786
73.649999999998,0.313087617015
73.699999999998,0.282601115588
73.749999999998,0.251893069361
73.799999999998,0.220987551870
73.849999999998,0.189908791457
73.899999999998,0.158681152278
73.949999999998,0.127329115204
73.999999999998,0.095877258626
74.049999999998,0.064350239187
74.099999999998,0.032772772457
74.149999999998,0.001169613552
74.199999999998,-0.030434462270
74.249999999998,-0.062014679032
74.299999999998,-0.093546279463
74.349999999998,-0.125004544402
74.399999999998,-0.156364812181
74.449999999998,-0.187602497956
74.499999999998,-0.218693112982
74.549999999998,-0.249612283808
74.599999999998,-0.280335771389
74.649999999998,-0.310839490085
74.699999999998,-0.341099526541
74.749999999998,-0.371092158439
74.799999999998,-0.400793873093
74.849999999998,-0.430181385879
74.899999999998,-0.459231658492
74.949999999998,-0.487921917007
74.999999999998,-0.516229669730
75.049999999998,-0.544132724833
75.099999999998,-0.571609207751
75.149999999998,-0.598637578327
75.199999999998,-0.625196647705
75.249999999998,-0.651265594933
75.299999999998,-0.676823983292
75.349999999998,-0.701851776316
75.399999999998,-0.726329353495
75.449999999998,-0.750237525665
75.499999999998,-0.773557550041
75.549999999998,-0.796271144919
75.599999999998,-0.818360504005
75.649999999998,-0.839808310373
75.699999999998,-0.860597750040
75.749999999998,-0.880712525150
75.799999999998,-0.900136866751
75.849999999998,-0.918855547154
75.899999999998,-0.936853891871
75.949999999998,-0.954117791123
75.999999999998,-0.970633710896
76.049999999998,-0.986388703556
76.099999999998,-1.001370417996
76.149999999998,-1.015567109317
76.199999999998,-1.028967648043
76.249999999998,-1.041561528835
76.299999999998,-1.053338878739
76.349999999998,-1.064290464913
76.399999999998,-1.074407701875
76.449999999998,-1.083682658231
76.499999999998,-1.092108062889
76.549999999998,-1.099677310763
76.599999999998,-1.106384467951
76.649999999998,-1.112224276385
76.699999999998,-1.117192157955
76.749999999998,-1.121284218095
76.799999999998,-1.124497248840
76.849999999998,-1.126828731340
76.899999999998,-1.128276837830
76.949999999998,-1.128840433069
76.999999999998,-1.128519075228
77.049999999998,-1.127313016235
77.099999999998,-1.125223201578
77.149999999998,-1.122251269565
77.199999999998,-1.118399550038
77.249999999998,-1.113671062549
77.299999999998,-1.108069513989
77.349999999998,-1.101599295685
77.399999999998,-1.094265479957
77.449999999998,-1.086073816141
77.499999999998,-1.077030726082
77.549999999998,-1.067143299099
77.599999999998,-1.056419286429
77.649999999998,-1.044867095148
77.699999999998,-1.032495781583
77.749999999998,-1.019315044209
77.799999999998,-1.005335216050
77.849999999998,-0.990567256575
77.899999999998,-0.975022743107
77.949999999998,-0.958713861750
77.999999999998,-0.941653397830
78.049999999998,-0.923854725878
78.099999999998,-0.905331799140
78.149999999998,-0.886099138643
78.199999999998,-0.866171821808
78.249999999998,-0.845565470629
78.299999999998,-0.824296239431
78.349999999998,-0.802380802203
78.399999999998,-0.779836339523
78.449999999998,-0.756680525096
78.499999999998,-0.732931511894
78.549999999998,-0.708607917928
78.599999999998,-0.683728811650
78.649999999998,-0.658313697003
78.699999999998,-0.632382498137
78.749999999998,-0.605955543783
78.799999999998,-0.579053551320
78.849999999998,-0.551697610531
78.899999999998,-0.523909167074
78.949999999998,-0.495710005665
78.999999999998,-0.467122233001
79.049999999998,-0.438168260433
79.099999999998,-0.408870786391
79.149999999998,-0.379252778595
79.199999999998,-0.349337456046
79.249999999998,-0.319148270825
79.299999999998,-0.288708889706
79.349999999998,-0.258043175606
79.399999999998,-0.227175168872
79.449999999998,-0.196129068442
79.499999999998,-0.164929212868
79.549999999998,-0.133600061239
79.599999999998,-0.102166174005
79.649999999998,-0.070652193724
79.699999999998,-0.039082825741
79.749999999998,-0.007482818825
79.799999999998,0.024123054238
79.849999999998,0.055710016062
79.899999999998,0.087253304086
79.949999999998,0.118728189990
79.999999999998,0.150109999074
80.049999999998,0.181374129607
80.099999999998,0.212496072112
80.149999999998,0.243451428582
80.199999999998,0.274215931600
80.249999999998,0.304765463374
80.299999999998,0.335076074634
80.349999999998,0.365124003415
80.399999999998,0.394885693678
80.449999999998,0.424337813784
80.499999999998,0.453457274778
80.549999999998,0.482221248495
80.599999999998,0.510607185452
80.649999999998,0.538592832529
80.699999999998,0.566156250413
80.749999999998,0.593275830794
80.799999999998,0.619930313312
80.849999999998,0.646098802217
80.899999999998,0.671760782754
80.949999999998,0.696896137245
80.999999999998,0.721485160860
81.049999999998,0.745508577063
81.099999999998,0.768947552726
81.149999999998,0.791783712894
81.199999999998,0.813999155186
81.249999999998,0.835576463833
81.299999999998,0.856498723330
81.349999999998,0.876749531699
81.399999999998,0.896313013342
81.449999999998,0.915173831491
81.499999999998,0.933317200232
81.549999999998,0.950728896092
81.599999999998,0.967395269194
81.649999999998,0.983303253955
81.699999999998,0.998440379330
81.749999999997,1.012794778587
81.799999999997,1.026355198614
81.849999999997,1.039111008734
81.899999999997,1.051052209047
81.949999999997,1.062169438263
81.999999999997,1.072453981044
82.049999999997,1.081897774835
82.099999999997,1.090493416185
82.149999999997,1.098234166551
82.199999999997,1.105113957583
82.249999999997,1.111127395876
82.299999999997,1.116269767202
82.349999999997,1.120537040207
82.399999999997,1.123925869565
82.449999999997,1.126433598610
82.499999999997,1.128058261409
82.549999999997,1.128798584310
82.599999999997,1.128653986938
82.649999999997,1.127624582650
82.699999999997,1.125711178446
82.749999999997,1.122915274338
82.799999999997,1.119239062170
82.849999999997,1.114685423904
82.899999999997,1.109257929360
82.949999999997,1.102960833416
82.999999999997,1.095799072673
83.049999999997,1.087778261583
83.099999999997,1.078904688052
83.149999999997,1.069185308507
83.199999999997,1.058627742443
83.249999999997,1.047240266453
83.299999999997,1.035031807733
83.349999999997,1.022011937091
83.399999999997,1.008190861437
83.449999999997,0.993579415787
83.499999999997,0.978189054767
83.549999999997,0.962031843630
83.599999999997,0.945120448804
83.649999999997,0.927468127954
83.699999999997,0.909088719597
83.749999999997,0.889996632248
83.799999999997,0.870206833124
83.849999999997,0.849734836415
83.899999999997,0.828596691118
83.949999999997,0.806808968456
83.999999999997,0.784388748887
84.049999999997,0.761353608716
84.099999999997,0.737721606312
84.149999999997,0.713511267954
84.199999999997,0.688741573309
84.249999999997,0.663431940547
84.299999999997,0.637602211125
84.349999999997,0.611272634227
84.399999999997,0.584463850894
84.449999999997,0.557196877838
84.499999999997,0.529493090969
84.549999999997,0.501374208637
84.599999999997,0.472862274606
84.649999999997,0.443979640772
84.699999999997,0.414748949641
84.749999999997,0.385193116576
84.799999999997,0.355335311837
84.849999999997,0.325198942414
84.899999999997,0.294807633677
84.949999999997,0.264185210855
84.999999999997,0.233355680360
85.049999999997,0.202343210963
85.099999999997,0.171172114853
85.149999999997,0.139866828573
85.199999999997,0.108451893863
85.249999999997,0.076951938423
85.299999999997,0.045391656605
85.349999999997,0.013795790053
85.399999999997,-0.017810891692
85.449999999997,-0.049403610610
85.499999999997,-0.080957599628
85.549999999997,-0.112448122034
85.599999999997,-0.143850490872
85.649999999997,-0.175140088294
85.699999999997,-0.206292384857
85.749999999997,-0.237282958756
85.799999999997,-0.268087514969
85.849999999997,-0.298681904302
85.899999999997,-0.329042142321
85.949999999997,-0.359144428153
85.999999999997,-0.388965163150
86.049999999997,-0.418480969381
86.099999999997,-0.447668707966
86.149999999997,-0.476505497215
86.199999999997,-0.504968730560
86.249999999997,-0.533036094285
86.299999999997,-0.560685585014
86.349999999997,-0.587895526962
86.399999999997,-0.614644588930
86.449999999997,-0.640911801022
86.499999999997,-0.666676571089
86.549999999997,-0.691918700872
86.599999999997,-0.716618401833
86.649999999997,-0.740756310673
86.699999999997,-0.764313504506
86.749999999997,-0.787271515700
86.799999999997,-0.809612346350
86.849999999997,-0.831318482389
86.899999999997,-0.852372907317
86.949999999997,-0.872759115545
86.999999999997,-0.892461125329
87.049999999997,-0.911463491303
87.099999999997,-0.929751316584
87.149999999997,-0.947310264455
87.199999999997,-0.964126569600
87.249999999997,-0.980187048897
87.299999999997,-0.995479111753
87.349999999997,-1.009990769974
87.399999999997,-1.023710647163
87.449999999997,-1.036627987639
87.499999999997,-1.048732664868
87.549999999997,-1.060015189405
87.599999999997,-1.070466716326
87.649999999997,-1.080079052172
87.699999999997,-1.088844661362
87.749999999997,-1.096756672109
87.799999999997,-1.103808881800
87.849999999997,-1.109995761865
87.899999999997,-1.115312462107
87.949999999997,-1.119754814505
87.999999999997,-1.123319336482
88.049999999997,-1.126003233636
88.099999999997,-1.127804401928
88.149999999997,-1.128721429336
88.199999999997,-1.128753596956
88.249999999997,-1.127900879570
88.299999999997,-1.126163945667
88.349999999997,-1.123544156911
88.399999999997,-1.120043567085
88.449999999997,-1.115664920471
88.499999999997,-1.110411649704
88.549999999997,-1.104287873078
88.599999999997,-1.097298391322
88.649999999997,-1.089448683830
88.699999999997,-1.080744904372
88.749999999997,-1.071193876264
88.799999999997,-1.060803087024
88.849999999997,-1.049580682499
88.899999999997,-1.037535460477
88.949999999997,-1.024676863797
88.999999999997,-1.011014972940
89.049999999997,-0.996560498129
89.099999999997,-0.981324770930
89.149999999997,-0.965319735375
89.199999999997,-0.948557938591
89.249999999997,-0.931052520968
89.299999999997,-0.912817205857
89.349999999997,-0.893866288811
89.399999999997,-0.874214626379
89.449999999997,-0.853877624456
89.499999999997,-0.832871226212
89.549999999997,-0.811211899586
89.599999999997,-0.788916624382
89.649999999997,-0.766002878952
89.699999999997,-0.742488626499
89.749999999997,-0.718392300994
89.799999999997,-0.693732792720
89.849999999997,-0.668529433470
89.899999999997,-0.642801981387
89.949999999997,-0.616570605474
89.999999999997,-0.589855869787
90.049999999997,-0.562678717311
90.099999999997,-0.535060453541
90.149999999997,-0.507022729781
90.199999999997,-0.478587526171
90.249999999997,-0.449777134453
90.299999999997,-0.420614140500
90.349999999997,-0.391121406604
90.399999999997,-0.361322053559
90.449999999997,-0.331239442530
90.499999999997,-0.300897156745
90.549999999997,-0.270318983001
90.599999999997,-0.239528893020
90.649999999997,-0.208551024655
90.699999999997,-0.177409662969
90.749999999997,-0.146129221195
90.799999999997,-0.114734221595
90.849999999997,-0.083249276243
90.899999999997,-0.051699067722
90.949999999997,-0.020108329780
90.999999999997,0.011498172063
91.049999999997,0.043095659928
91.099999999997,0.074659363002
91.149999999997,0.106164536961
91.199999999997,0.137586483359
91.249999999997,0.168900569003
91.299999999997,0.200082245251
91.349999999997,0.231107067267
91.399999999997,0.261950713180
91.449999999997,0.292589003150
91.499999999997,0.322997918329
91.549999999997,0.353153619683
91.599999999997,0.383032466689
91.649999999997,0.412611035859
91.699999999997,0.441866139111
91.749999999997,0.470774841942
91.799999999997,0.499314481411
91.849999999997,0.527462683901
91.899999999997,0.555197382663
91.949999999997,0.582496835114
91.999999999997,0.609339639883
92.049999999997,0.635704753584
92.099999999997,0.661571507319
92.149999999997,0.686919622878
92.199999999997,0.711729228636
92.249999999997,0.735980875134
92.299999999997,0.759655550323
92.349999999997,0.782734694470
92.399999999997,0.805200214709
92.449999999997,0.827034499221
92.499999999997,0.848220431047
92.549999999997,0.868741401500
92.599999999997,0.888581323192
92.649999999997,0.907724642639
92.699999999997,0.926156352460
92.749999999997,0.943862003139
92.799999999997,0.960827714352
92.849999999997,0.977040185850
92.899999999997,0.992486707887
92.949999999997,1.007155171180
92.999999999997,1.021034076405
93.049999999997,1.034112543211
93.099999999997,1.046380318751
93.149999999997,1.057827785717
93.199999999997,1.068445969880
93.249999999997,1.078226547129
93.299999999997,1.087161849992
93.349999999997,1.095244873648
93.399999999997,1.102469281423
93.449999999997,1.108829409749
93.499999999997,1.114320272612
93.549999999997,1.118937565457
93.599999999997,1.122677668562
93.649999999997,1.125537649879
93.699999999997,1.127515267328
93.749999999997,1.128608970560
93.799999999997,1.128817902165
93.849999999997,1.128141898353
93.899999999997,1.126581489077
93.949999999997,1.124137897616
93.999999999997,1.120813039623
94.049999999997,1.116609521614
94.099999999997,1.111530638932
94.149999999997,1.105580373163
94.199999999997,1.098763389009
94.249999999997,1.091085030636
94.299999999997,1.082551317485
94.349999999997,1.073168939549
94.399999999997,1.062945252133
94.449999999997,1.051888270082
94.499999999997,1.040006661506
94.549999999997,1.027309740976
94.599999999997,1.013807462228
94.649999999997,0.999510410357
94.699999999997,0.984429793519
94.749999999997,0.968577434145
94.799999999997,0.951965759674
94.849999999997,0.934607792807
94.899999999997,0.916517141300
94.949999999997,0.897707987299
94.999999999997,0.878195076217
95.049999999997,0.857993705176
95.099999999997,0.837119711016
95.149999999997,0.815589457880
95.199999999997,0.793419824384
95.249999999997,0.770628190385
95.299999999997,0.747232423355
95.349999999997,0.723250864380
95.399999999997,0.698702313771
95.449999999997,0.673606016336
95.499999999997,0.647981646286
95.549999999997,0.621849291815
95.599999999997,0.595229439350
95.649999999997,0.568142957493
95.699999999997,0.540611080657
95.749999999997,0.512655392424
95.799999999997,0.484297808622
95.849999999997,0.455560560143
95.899999999997,0.426466175519
95.949999999997,0.397037463257
95.999999999997,0.367297493960
96.049999999997,0.337269582241
96.099999999997,0.306977268445
96.149999999997,0.276444300193
96.199999999997,0.245694613769
96.249999999997,0.214752315353
96.299999999997,0.183641662121
96.349999999997,0.152387043232
96.399999999997,0.121012960706
96.449999999997,0.089544010218
96.499999999997,0.058004861811
96.549999999997,0.026420240565
96.599999999997,-0.005185092797
96.649999999997,-0.036786361312
96.699999999997,-0.068358791204
96.749999999997,-0.099877631305
96.799999999997,-0.131318172459
96.849999999997,-0.162655766891
96.899999999997,-0.193865847534
96.949999999997,-0.224923947282
96.999999999997,-0.255805718176
97.049999999997,-0.286486950489
97.099999999997,-0.316943591707
97.149999999997,-0.347151765383
97.199999999997,-0.377087789856
97.249999999997,-0.406728196816
97.299999999997,-0.436049749702
97.349999999997,-0.465029461919
97.399999999997,-0.493644614857
97.449999999997,-0.521872775701
97.499999999997,-0.549691815019
97.549999999997,-0.577079924110
97.599999999997,-0.604015632098
97.649999999997,-0.630477822768
97.699999999997,-0.656445751118
97.749999999997,-0.681899059623
97.799999999997,-0.706817794191
97.849999999997,-0.731182419813
97.899999999997,-0.754973835868
97.949999999997,-0.778173391105
97.999999999997,-0.800762898262
98.049999999997,-0.822724648322
98.099999999997,-0.844041424398
98.149999999997,-0.864696515228
98.199999999997,-0.884673728281
98.249999999997,-0.903957402443
98.299999999997,-0.922532420303
98.349999999997,-0.940384219997
98.399999999997,-0.957498806629
98.449999999997,-0.973862763240
98.499999999997,-0.989463261326
98.549999999997,-1.004288070895
98.599999999997,-1.018325570056
98.649999999997,-1.031564754129
98.699999999997,-1.043995244272
98.749999999997,-1.055607295616
98.799999999997,-1.066391804909
98.849999999997,-1.076340317647
98.899999999997,-1.085445034707
98.949999999997,-1.093698818455
98.999999999997,-1.101095198350
99.049999999997,-1.107628376007
99.099999999997,-1.113293229749
99.149999999997,-1.118085318623
99.199999999997,-1.122000885875
99.249999999997,-1.125036861901
99.299999999997,-1.127190866653
99.349999999996,-1.128461211499
99.399999999996,-1.128846900555
99.449999999996,-1.128347631461
99.499999999996,-1.126963795618
99.549999999996,-1.124696477882
99.599999999996,-1.121547455714
99.649999999996,-1.117519197787
99.699999999996,-1.112614862048
99.749999999996,-1.106838293245
99.799999999996,-1.100194019912
99.849999999996,-1.092687250820
99.899999999996,-1.084323870891
99.949999999996,-1.075110436586
99.999999999996,-1.065054170766
100.049999999996,-1.054162957028
100.099999999996,-1.042445333526
100.149999999996,-1.029910486276
100.199999999996,-1.016568241958
100.249999999996,-1.002429060206
100.299999999996,-0.987504025415
100.349999999996,-0.971804838049
100.399999999996,-0.955343805465
100.449999999996,-0.938133832270
100.499999999996,-0.920188410202
100.549999999996,-0.901521607553
100.599999999996,-0.882148058139
100.649999999996,-0.862082949832
100.699999999996,-0.841342012647
100.749999999996,-0.819941506418
100.799999999996,-0.797898208046
100.849999999996,-0.775229398346
100.899999999996,-0.751952848506
100.949999999996,-0.728086806147
100.999999999996,-0.703649981025
101.049999999996,-0.678661530359
101.099999999996,-0.653141043814
101.149999999996,-0.627108528145
101.199999999996,-0.600584391510
101.249999999996,-0.573589427474
101.299999999996,-0.546144798706
101.349999999996,-0.518272020390
101.399999999996,-0.489992943355
101.449999999996,-0.461329736950
101.499999999996,-0.432304871661
101.549999999996,-0.402941101495
101.599999999996,-0.373261446144
101.649999999996,-0.343289172938
101.699999999996,-0.313047778603
101.749999999996,-0.282560970845
101.799999999996,-0.251852649758
101.849999999996,-0.220946889093
101.899999999996,-0.189867917384
101.949999999996,-0.158640098954
101.999999999996,-0.127287914811
102.049999999996,-0.095835943462
102.099999999996,-0.064308841643
102.149999999996,-0.032731324985
102.199999999996,-0.001128148646
102.249999999996,0.030475912105
102.299999999996,0.062056081301
102.349999999996,0.093587601708
102.399999999996,0.125045754229
102.449999999996,0.156405877283
102.499999999996,0.187643386141
102.549999999996,0.218733792195
102.599999999996,0.249652722160
102.649999999996,0.280375937177
102.699999999996,0.310879351821
102.749999999996,0.341139052976
102.799999999996,0.371131318587
102.849999999996,0.400832636253
102.899999999996,0.430219721663
102.949999999996,0.459269536847
102.999999999996,0.487959308238
103.049999999996,0.516266544525
103.099999999996,0.544169054284
103.149999999996,0.571644963377
103.199999999996,0.598672732098
103.249999999996,0.625231172061
103.299999999996,0.651299462809
103.349999999996,0.676857168139
103.399999999996,0.701884252117
103.449999999996,0.726361094792
103.499999999996,0.750268507573
103.549999999996,0.773587748272
103.599999999996,0.796300535800
103.649999999996,0.818389064495
103.699999999996,0.839836018081
103.749999999996,0.860624583245
103.799999999996,0.880738462817
103.849999999996,0.900161888546
103.899999999996,0.918879633460
103.949999999996,0.936877023807
103.999999999996,0.954139950554
104.049999999996,0.970654880450
104.099999999996,0.986408866637
104.149999999996,1.001389558797
104.199999999996,1.015585212834
104.249999999996,1.028984700082
104.299999999996,1.041577516030
104.349999999996,1.053353788555
104.399999999996,1.064304285663
104.449999999996,1.074420422724
104.499999999996,1.083694269206
104.549999999996,1.092118554887
104.599999999996,1.099686675560
104.649999999996,1.106392698204
104.699999999996,1.112231365643
104.749999999996,1.117198100660
104.799999999996,1.121289009589
104.849999999996,1.124500885367
104.899999999996,1.126831210047
104.949999999996,1.128278156775
104.999999999996,1.128840591219
105.049999999996,1.128518072458
105.099999999996,1.127310853331
105.149999999996,1.125219880236
105.199999999996,1.122246792389
105.249999999996,1.118393920538
105.299999999996,1.113664285137
105.349999999996,1.108061593979
105.399999999996,1.101590239286
105.449999999996,1.094255294268
105.499999999996,1.086062509148
105.549999999996,1.077018306649
105.599999999996,1.067129776962
105.649999999996,1.056404672188
105.699999999996,1.044851400261
105.749999999996,1.032479018353
105.799999999996,1.019297225778
105.849999999996,1.005316356386
105.899999999996,0.990547370464
105.949999999996,0.975001846139
105.999999999996,0.958691970306
106.049999999996,0.941630529072
106.099999999996,0.923830897734
106.149999999996,0.905307030291
106.199999999996,0.886073448506
106.249999999996,0.866145230522
106.299999999996,0.845537999041
106.349999999996,0.824267909077
106.399999999996,0.802351635292
106.449999999996,0.779806358921
106.499999999996,0.756649754306
106.549999999996,0.732899975040
106.599999999996,0.708575639732
106.649999999996,0.683695817416
106.699999999996,0.658280012598
106.749999999996,0.632348149967
106.799999999996,0.605920558775
106.849999999996,0.579017956901
106.899999999996,0.551661434606
106.949999999996,0.523872438002
106.999999999996,0.495672752239
107.049999999996,0.467084484427
107.099999999996,0.438130046304
107.149999999996,0.408832136665
107.199999999996,0.379213723571
107.249999999996,0.349298026341
107.299999999996,0.319108497350
107.349999999996,0.288668803641
107.399999999996,0.258002808376
107.449999999996,0.227134552125
107.499999999996,0.196088234018
107.549999999996,0.164888192779
107.599999999996,0.133558887643
107.649999999996,0.102124879180
107.699999999996,0.070610810042
107.749999999996,0.039041385646
107.799999999996,0.007441354803
107.849999999996,-0.024164509681
107.899999999996,-0.055751430427
107.949999999996,-0.087294644907
107.999999999996,-0.118769424856
108.049999999996,-0.150151095660
108.099999999996,-0.181415055696
108.149999999996,-0.212536795620
108.199999999996,-0.243491917582
108.249999999996,-0.274256154353
108.299999999996,-0.304805388346
108.349999999996,-0.335115670527
108.399999999996,-0.365163239186
108.449999999996,-0.394924538570
108.499999999996,-0.424376237344
108.549999999996,-0.453495246884
108.599999999996,-0.482258739378
108.649999999996,-0.510644165723
108.699999999996,-0.538629273196
108.749999999996,-0.566192122908
108.799999999996,-0.593311106996
108.849999999996,-0.619964965565
108.899999999996,-0.646132803356
108.949999999996,-0.671794106124
108.999999999996,-0.696928756722
109.049999999996,-0.721517050872
109.099999999996,-0.745539712609
109.149999999996,-0.768977909399
109.199999999996,-0.791813266895
109.249999999996,-0.814027883346
109.299999999996,-0.835604343631
109.349999999996,-0.856525732910
109.399999999996,-0.876775649886
109.449999999996,-0.896338219661
109.499999999996,-0.915198106182
109.549999999996,-0.933340524265
109.599999999996,-0.950751251182
109.649999999996,-0.967416637815
109.699999999996,-0.983323619356
109.749999999996,-0.998459725544
109.799999999996,-1.012813090450
109.849999999996,-1.026372461768
109.899999999996,-1.039127209647
109.949999999996,-1.051067335018
109.999999999996,-1.062183477434
110.049999999996,-1.072466922409
110.099999999996,-1.081909608248
110.149999999996,-1.090504132370
110.199999999996,-1.098243757108
110.249999999996,-1.105122414992
110.299999999996,-1.111134713507
110.349999999996,-1.116275939319
110.399999999996,-1.120542061970
110.449999999996,-1.123929737039
110.499999999996,-1.126436308762
110.549999999996,-1.128059812114
110.599999999996,-1.128798974353
110.649999999996,-1.128653216014
110.699999999996,-1.127622651362
110.749999999996,-1.125708088309
110.799999999996,-1.122911027774
110.849999999996,-1.119233662508
110.899999999996,-1.114678875377
110.949999999996,-1.109250237103
110.999999999996,-1.102952003458
111.049999999996,-1.095789111936
111.099999999996,-1.087767177876
111.149999999996,-1.078892490064
111.199999999996,-1.069172005801
111.249999999996,-1.058613345448
111.299999999996,-1.047224786455
111.349999999996,-1.035015256868
111.399999999996,-1.021994328333
111.449999999996,-1.008172208591
111.499999999996,-0.993559733476
111.549999999996,-0.978168358421
111.599999999996,-0.962010149474
111.649999999996,-0.945097773844
111.699999999996,-0.927444489967
111.749999999996,-0.909064137114
111.799999999996,-0.889971124539
111.849999999996,-0.870180420188
111.899999999996,-0.849707538957
111.949999999996,-0.828568530538
111.999999999996,-0.806779966830
112.049999999996,-0.784358928952
112.099999999996,-0.761322993848
112.149999999996,-0.737690220512
112.199999999996,-0.713479135827
112.249999999996,-0.688708720045
112.299999999996,-0.663398391901
112.349999999996,-0.637567993398
112.399999999996,-0.611237774244
112.449999999996,-0.584428375982
112.499999999996,-0.557160815809
112.549999999996,-0.529456470093
112.599999999996,-0.501337057624
112.649999999996,-0.472824622579
112.699999999996,-0.443941517249
112.749999999996,-0.414710384508
112.799999999996,-0.385154140067
112.849999999996,-0.355295954508
112.899999999996,-0.325159235119
112.949999999996,-0.294767607544
112.999999999996,-0.264144897263
113.049999999996,-0.233315110911
113.099999999996,-0.202302417464
113.149999999996,-0.171131129282
113.199999999996,-0.139825683061
113.249999999996,-0.108410620667
113.299999999996,-0.076910569898
113.349999999996,-0.045350225182
113.399999999996,-0.013754328212
113.449999999996,0.017852351447
113.499999999996,0.049445035776
113.549999999996,0.080998957730
113.599999999996,0.112489380650
113.649999999996,0.143891617657
113.699999999996,0.175181051006
113.749999999996,0.206333151384
113.799999999996,0.237323497139
113.849999999996,0.268127793429
113.899999999996,0.298721891262
113.949999999996,0.329081806433
113.999999999996,0.359183738323
114.049999999996,0.389004088559
114.099999999996,0.418519479515
114.149999999996,0.447706772636
114.199999999996,0.476543086578
114.249999999996,0.505005815149
114.299999999996,0.533072645027
114.349999999996,0.560721573256
114.399999999996,0.587930924491
114.449999999996,0.614679367996
114.499999999996,0.640945934359
114.549999999996,0.666710031940
114.599999999996,0.691951463004
114.649999999996,0.716650439563
114.699999999996,0.740787598884
114.749999999996,0.764344018671
114.799999999996,0.787301231897
114.849999999996,0.809641241283
114.899999999996,0.831346533405
114.949999999996,0.852400092427
114.999999999996,0.872785413436
115.049999999996,0.892486515385
115.099999999996,0.911487953619
115.149999999996,0.929774831984
115.199999999996,0.947332814504
115.249999999996,0.964148136620
115.299999999996,0.980207615980
115.349999999996,0.995498662775
115.399999999996,1.010009289608
115.449999999996,1.023728120891
115.499999999996,1.036644401763
115.549999999996,1.048748006520
115.599999999996,1.060029446557
115.649999999996,1.070479877803
115.699999999996,1.080091107654
115.749999999996,1.088855601400
115.799999999996,1.096766488125
115.849999999996,1.103817566100
115.899999999996,1.110003307640
115.949999999996,1.115318863442
115.999999999996,1.119760066381
116.049999999996,1.123323434782
116.099999999996,1.126006175147
116.149999999996,1.127806184345
116.199999999996,1.128722051261
116.249999999996,1.128753057901
116.299999999996,1.127899179959
116.349999999996,1.126161086831
116.399999999996,1.123540141092
116.449999999996,1.120038397431
116.499999999996,1.115658601034
116.549999999996,1.110404185439
116.599999999996,1.104279269836
116.649999999996,1.097288655848
116.699999999996,1.089437823756
116.749999999996,1.080732928212
116.799999999996,1.071180793407
116.849999999996,1.060788907726
116.899999999996,1.049565417874
116.949999999995,1.037519122494
116.999999999995,1.024659465264
117.049999999995,1.010996527496
117.099999999995,0.996541020233
117.149999999995,0.981304275854
117.199999999995,0.965298239184
117.249999999995,0.948535458138
117.299999999995,0.931029073876
117.349999999995,0.912792810508
117.399999999995,0.893840964330
117.449999999995,0.874188392618
117.499999999995,0.853850501982
117.549999999995,0.832843236287
117.599999999995,0.811183064153
117.649999999995,0.788886966045
117.699999999995,0.765972420963
117.749999999995,0.742457392736
117.799999999995,0.718360315942
117.849999999995,0.693700081454
117.899999999995,0.668496021634
117.949999999995,0.642767895173
117.999999999995,0.616535871605
118.049999999995,0.589820515493
118.099999999995,0.562642770307
118.149999999995,0.535023942007
118.199999999995,0.506985682341
118.249999999995,0.478549971868
118.299999999995,0.449739102729
118.349999999995,0.420575661168
118.399999999995,0.391082509831
118.449999999995,0.361282769837
118.499999999995,0.331199802657
118.549999999995,0.300857191796
118.599999999995,0.270278724306
118.649999999995,0.239488372140
118.699999999995,0.208510273357
118.749999999995,0.177368713199
118.799999999995,0.146088105055
118.849999999995,0.114692971319
118.899999999995,0.083207924169
118.949999999995,0.051657646267
118.999999999995,0.020066871417
119.049999999995,-0.011539634832
119.099999999995,-0.043137094599
119.149999999995,-0.074700737093
119.199999999995,-0.106205818035
119.249999999995,-0.137627639056
119.299999999995,-0.168941567057
119.349999999995,-0.200123053523
119.399999999995,-0.231147653765
119.449999999995,-0.261991046086
119.499999999995,-0.292629050846
119.549999999995,-0.323037649419
119.599999999995,-0.353193003020
119.649999999995,-0.383071471398
119.699999999995,-0.412649631363
119.749999999995,-0.441904295153
119.799999999995,-0.470812528609
119.849999999995,-0.499351669159
119.899999999995,-0.527499343576
119.949999999995,-0.555233485527
119.999999999995,-0.582532352864
120.049999999995,-0.609374544674
120.099999999995,-0.635739018053
120.149999999995,-0.661605104604
120.199999999995,-0.686952526641
120.249999999995,-0.711761413083
120.299999999995,-0.736012315033
120.349999999995,-0.759686221026
120.399999999995,-0.782764571934
120.449999999995,-0.805229275510
120.499999999995,-0.827062720578
120.549999999995,-0.848247790836
120.599999999995,-0.868767878272
120.649999999995,-0.888606896190
120.699999999995,-0.907749291817
120.749999999995,-0.926180058493
120.799999999995,-0.943884747442
120.849999999995,-0.960849479095
120.899999999995,-0.977060953971
120.949999999995,-0.992506463105
120.999999999995,-1.007173898007
121.049999999995,-1.021051760161
121.099999999995,-1.034129170033
121.149999999995,-1.046395875604
121.199999999995,-1.057842260405
121.249999999995,-1.068459351056
121.299999999995,-1.078238824303
121.349999999995,-1.087173013539
121.399999999995,-1.095254914817
121.449999999995,-1.102478192341
121.499999999995,-1.108837183431
121.549999999995,-1.114326902964
121.599999999995,-1.118943047280
121.649999999995,-1.122681997560
121.699999999995,-1.125540822658
121.749999999995,-1.127517281401
121.799999999995,-1.128609824346
121.849999999995,-1.128817594997
121.899999999995,-1.128140430471
121.949999999995,-1.126578861632
121.999999999995,-1.124134112668
122.049999999995,-1.120808100137
122.099999999995,-1.116603431465
122.149999999995,-1.111523402894
122.199999999995,-1.105571996907
122.249999999995,-1.098753879103
122.299999999995,-1.091074394535
122.349999999995,-1.082539563527
122.399999999995,-1.073156076949
122.449999999995,-1.062931290973
122.499999999995,-1.051873221309
122.549999999995,-1.039990536916
122.599999999995,-1.027292553210
122.649999999995,-1.013789224761
122.699999999995,-0.999491137486
122.749999999995,-0.984409500353
122.799999999995,-0.968556136593
122.849999999995,-0.951943474431
122.899999999995,-0.934584537344
122.949999999995,-0.916492933849
122.999999999995,-0.897682846837
123.049999999995,-0.878169022452
123.099999999995,-0.857966758534
123.149999999995,-0.837091892621
123.199999999995,-0.815560789541
123.249999999995,-0.793390328575
123.299999999995,-0.770597890229
123.349999999995,-0.747201342606
123.399999999995,-0.723219027403
123.449999999995,-0.698669745525
123.499999999995,-0.673572742353
123.549999999995,-0.647947692652
123.599999999995,-0.621814685147
123.649999999995,-0.595194206778
123.699999999995,-0.568107126637
123.749999999995,-0.540574679607
123.799999999995,-0.512618449717
123.849999999995,-0.484260353218
123.899999999995,-0.455522621407
123.949999999995,-0.426427783192
123.999999999995,-0.396998647436
124.049999999995,-0.367258285075
124.099999999995,-0.337230011030
124.149999999995,-0.306937365929
124.199999999995,-0.276404097654
124.249999999995,-0.245654142725
124.299999999995,-0.214711607529
124.349999999995,-0.183600749431
124.399999999995,-0.152345957750
124.449999999995,-0.120971734641
124.499999999995,-0.089502675888
124.549999999995,-0.057963451621
124.599999999995,-0.026378786977
124.649999999995,0.005226557284
124.699999999995,0.036827804193
124.749999999995,0.068400179989
124.799999999995,0.099918933548
124.849999999995,0.131359355780
124.899999999995,0.162696799006
124.949999999995,0.193906696275
124.999999999995,0.224964580626
125.049999999995,0.255846104268
125.099999999995,0.286527057669
125.149999999995,0.316983388533
125.199999999995,0.347191220656
125.249999999995,0.377126872645
125.299999999995,0.406766876482
125.349999999995,0.436087995923
125.399999999995,0.465067244711
125.449999999995,0.493681904601
125.499999999995,0.521909543163
125.549999999995,0.549728031376
125.599999999995,0.577115560969
125.649999999995,0.604050661523
125.699999999995,0.630512217297
125.749999999995,0.656479483788
125.799999999995,0.681932103988
125.849999999995,0.706850124347
125.899999999995,0.731214010414
125.949999999995,0.755004662149
125.999999999995,0.778203428901
126.049999999995,0.800792124023
126.099999999995,0.822753039138
126.149999999995,0.844068958010
126.199999999995,0.864723170053
126.249999999995,0.884699483422
126.299999999995,0.903982237710
126.349999999995,0.922556316226
126.399999999995,0.940407157843
126.449999999995,0.957520768416
126.499999999995,0.973883731751
126.549999999995,0.989483220122
126.599999999995,1.004307004330
126.649999999995,1.018343463288
126.699999999995,1.031581593129
126.749999999995,1.044011015840
126.799999999995,1.055621987388
126.849999999995,1.066405405367
126.899999999995,1.076352816129
126.949999999995,1.085456421414
126.999999999995,1.093709084463
127.049999999995,1.101104335608
127.099999999995,1.107636377353
127.149999999995,1.113300088911
127.199999999995,1.118091030223
127.249999999995,1.122005445436
127.299999999995,1.125040265849
127.349999999995,1.127193112317
127.399999999995,1.128462297121
127.449999999995,1.128846825283
127.499999999995,1.128346395354
127.549999999995,1.126961399645
127.599999999995,1.124692923922
127.649999999995,1.121542746553
127.699999999995,1.117513337116
127.749999999995,1.112607854462
127.799999999995,1.106830144237
127.849999999995,1.100184735872
127.899999999995,1.092676839024
127.949999999995,1.084312339503
127.999999999995,1.075097794645
128.049999999995,1.065040428183
128.099999999995,1.054148124576
128.149999999995,1.042429422833
128.199999999995,1.029893509817
128.249999999995,1.016550213039
128.299999999995,1.002409992962
128.349999999995,0.987483934794
128.399999999995,0.971783739800
128.449999999995,0.955321716129
128.499999999995,0.938110769164
128.549999999995,0.920164391406
128.599999999995,0.901496651896
128.649999999995,0.882122185186
128.699999999995,0.862056179865
128.749999999995,0.841314366653
128.799999999995,0.819913006069
128.849999999995,0.797868875685
128.899999999995,0.775199256970
128.949999999995,0.751921921742
128.999999999995,0.728055118242
129.049999999995,0.703617556819
129.099999999995,0.678628395272
129.149999999995,0.653107223821
129.199999999995,0.627074049760
129.249999999995,0.600549281762
129.299999999995,0.573553713887
129.349999999995,0.546108509279
129.399999999995,0.518235183570
129.449999999995,0.489955588022
129.499999999995,0.461291892388
129.549999999995,0.432266567538
129.599999999995,0.402902367839
129.649999999995,0.373222313321
129.699999999995,0.343249671626
129.749999999995,0.313007939769
129.799999999995,0.282520825720
129.849999999995,0.251812229815
129.899999999995,0.220906226018
129.949999999995,0.189827043056
129.999999999995,0.158599045415
130.049999999995,0.127246714245
130.099999999995,0.095794628169
130.149999999995,0.064267444011
130.199999999995,0.032689877469
130.249999999995,0.001086683738
130.299999999995,-0.030517361898
130.349999999995,-0.062097483486
130.399999999995,-0.093628923827
130.449999999995,-0.125086963887
130.499999999995,-0.156446942175
130.549999999995,-0.187684274073
130.599999999995,-0.218774471114
130.649999999995,-0.249693160174
130.699999999995,-0.280416102587
130.749999999995,-0.310919213138
130.799999999995,-0.341178578951
130.849999999996,-0.371170478233
130.899999999996,-0.400871398872
130.949999999996,-0.430258056867
130.999999999996,-0.459307414583
131.049999999996,-0.487996698812
131.099999999996,-0.516303418624
131.149999999996,-0.544205383001
131.199999999996,-0.571680718231
131.249999999996,-0.598707885061
131.299999999996,-0.625265695574
131.349999999996,-0.651333329808
131.399999999996,-0.676890352072
131.449999999996,-0.701916726971
131.499999999996,-0.726392835108
131.549999999996,-0.750299488468
131.599999999996,-0.773617945460
131.649999999996,-0.796329925607
131.699999999996,-0.818417623880
131.749999999996,-0.839863724656
131.799999999996,-0.860651415289
131.849999999996,-0.880764399296
131.899999999996,-0.900186909126
131.949999999996,-0.918903718526
131.999999999996,-0.936900154478
132.049999999996,-0.954162108697
132.099999999996,-0.970676048694
132.149999999996,-0.986429028388
132.199999999996,-1.001408698248
132.249999999996,-1.015603314981
132.299999999996,-1.029001750734
132.349999999996,-1.041593501820
132.399999999996,-1.053368696951
132.449999999996,-1.064318104977
132.499999999996,-1.074433142123
132.549999999996,-1.083705878718
132.599999999996,-1.092129045412
132.649999999996,-1.099696038873
132.699999999996,-1.106400926965
132.749999999996,-1.112238453401
132.799999999996,-1.117204041859
132.849999999996,-1.121293799570
132.899999999996,-1.124504520376
132.949999999996,-1.126833687234
132.999999999996,-1.128279474199
133.049999999996,-1.128840747846
133.099999999996,-1.128517068166
133.149999999996,-1.127308688907
133.199999999996,-1.125216557376
133.249999999996,-1.122242313699
133.299999999996,-1.118388289528
133.349999999996,-1.113657506223
133.399999999996,-1.108053672474
133.449999999996,-1.101581181400
133.499999999996,-1.094245107103
133.549999999996,-1.086051200690
133.599999999996,-1.077005885762
133.649999999996,-1.067116253385
133.699999999996,-1.056390056522
133.749999999996,-1.044835703964
133.799999999996,-1.032462253730
133.849999999996,-1.019279405971
133.899999999996,-1.005297495366
133.949999999996,-0.990527483016
133.999999999996,-0.974980947854
134.049999999996,-0.958670077568
134.099999999996,-0.941607659044
134.149999999996,-0.923807068344
134.199999999996,-0.905282260220
134.249999999996,-0.886047757172
134.299999999996,-0.866118638067
134.349999999996,-0.845510526311
134.399999999996,-0.824239577610
134.449999999996,-0.802322467298
134.499999999996,-0.779776377266
134.549999999996,-0.756618982495
134.599999999996,-0.732868437196
134.649999999996,-0.708543360579
134.699999999996,-0.683662822259
134.749999999996,-0.658246327304
134.799999999996,-0.632313800943
134.849999999996,-0.605885572950
134.899999999996,-0.578982361700
134.949999999996,-0.551625257935
134.999999999996,-0.523835708222
135.049999999996,-0.495635498144
135.099999999996,-0.467046735223
135.149999999996,-0.438091831583
135.199999999996,-0.408793486386
135.249999999997,-0.379174668034
135.299999999997,-0.349258596164
135.349999999997,-0.319068723443
135.399999999997,-0.288628717186
135.449999999997,-0.257962440798
135.499999999997,-0.227093935070
135.549999999997,-0.196047399328
135.599999999997,-0.164847172466
135.649999999997,-0.133517713865
135.699999999997,-0.102083584215
135.749999999997,-0.070569426264
135.799999999997,-0.038999945497
135.849999999997,-0.007399890770
135.899999999997,0.024205965092
135.949999999997,0.055792844717
135.999999999997,0.087335985610
136.049999999997,0.118810659563
136.099999999997,0.150192192045
136.149999999997,0.181455981541
136.199999999997,0.212577518841
136.249999999997,0.243532406255
136.299999999997,0.274296376737
136.349999999997,0.304845312908
136.399999999997,0.335155265968
136.449999999997,0.365202474467
136.499999999997,0.394963382931
136.549999999997,0.424414660333
136.599999999997,0.453533218379
136.649999999997,0.482296229613
136.699999999997,0.510681145305
136.749999999997,0.538665713137
136.799999999997,0.566227994640
136.849999999997,0.593346382398
136.899999999997,0.619999616983
136.949999999997,0.646166803624
136.999999999997,0.671827428589
137.049999999997,0.696961375260
137.099999999997,0.721548939911
137.149999999997,0.745570847151
137.199999999997,0.769008265036
137.249999999997,0.791842819829
137.299999999997,0.814056610409
137.349999999997,0.835632222303
137.399999999997,0.856552741335
137.449999999997,0.876801766891
137.499999999997,0.896363424772
137.549999999997,0.915222379639
137.599999999997,0.933363847039
137.649999999997,0.950773604989
137.699999999997,0.967438005131
137.749999999997,0.983343983430
137.799999999997,0.998479070412
137.849999999997,1.012831400946
137.899999999997,1.026389723538
137.949999999997,1.039143409159
137.999999999997,1.051082459571
138.049999999997,1.062197515172
138.099999999997,1.072479862327
138.149999999997,1.081921440202
138.199999999997,1.090514847084
138.249999999997,1.098253346182
138.299999999997,1.105130870910
138.349999999997,1.111142029639
138.399999999997,1.116282109929
138.449999999997,1.120547082222
138.499999999997,1.123933602996
138.549999999997,1.126439017394
138.599999999997,1.128061361298
138.649999999997,1.128799362874
138.699999999997,1.128652443567
138.749999999997,1.127620718553
138.799999999997,1.125704996653
138.849999999997,1.122906779694
138.899999999997,1.119228261335
138.949999999997,1.114672325347
138.999999999997,1.109242543348
139.049999999997,1.102943172011
139.099999999997,1.095779149720
139.149999999997,1.087756092701
139.199999999997,1.078880290621
139.249999999997,1.069158701653
139.299999999997,1.058598947025
139.349999999997,1.047209305044
139.399999999997,1.034998704606
139.449999999997,1.021976718196
139.499999999997,1.008153554384
139.549999999997,0.993540049824
139.599999999997,0.978147660754
139.649999999998,0.961988454018
139.699999999998,0.945075097608
139.749999999998,0.927420850728
139.799999999998,0.909039553403
139.849999999998,0.889945615629
139.899999999998,0.870154006076
139.949999999998,0.849680240351
139.999999999998,0.828540368839
140.049999999998,0.806750964115
140.099999999998,0.784329107957
140.149999999998,0.761292377952
140.199999999998,0.737658833716
140.249999999998,0.713447002737
140.299999999998,0.688675865850
140.349999999998,0.663364842359
140.399999999998,0.637533774809
140.449999999998,0.611202913434
140.499999999998,0.584392900281
140.549999999998,0.557124753026
140.599999999998,0.529419848501
140.649999999998,0.501299905932
140.699999999998,0.472786969913
140.749999999998,0.443903393125
140.799999999998,0.414671818815
140.849999999998,0.385115163037
140.899999999998,0.355256596698
140.949999999998,0.325119527383
140.999999999998,0.294727581011
141.049999999998,0.264104583312
141.099999999998,0.233274541146
141.149999999998,0.202261623689
141.199999999998,0.171090143479
141.249999999998,0.139784537359
141.299999999998,0.108369347322
141.349999999998,0.076869201267
141.399999999998,0.045308793696
141.449999999998,0.013712866351
141.499999999998,-0.017893811179
141.549999999998,-0.049486460877
141.599999999998,-0.081040315725
141.649999999998,-0.112530639116
141.699999999998,-0.143932744250
141.749999999998,-0.175222013484
141.799999999998,-0.206373917635
141.849999999998,-0.237364035205
141.899999999998,-0.268168071529
141.949999999998,-0.298761877820
141.999999999998,-0.329121470102
142.049999999998,-0.359223048009
142.099999999998,-0.389043013446
142.149999999998,-0.418557989087
142.199999999998,-0.447744836703
142.249999999998,-0.476580675301
142.299999999998,-0.505042899059
142.349999999998,-0.533109195053
142.399999999998,-0.560757560744
142.449999999998,-0.587966321229
142.499999999998,-0.614714146234
142.549999999998,-0.640980066835
142.599999999998,-0.666743491893
142.649999999998,-0.691984224205
142.699999999998,-0.716682476328
142.749999999998,-0.740818886099
142.799999999998,-0.764374531807
142.849999999998,-0.787330947034
142.899999999998,-0.809670135125
142.949999999998,-0.831374583302
142.999999999998,-0.852427276388
143.049999999998,-0.872811710151
143.099999999998,-0.892511904239
143.149999999998,-0.911512414708
143.199999999998,-0.929798346132
143.249999999998,-0.947355363276
143.299999999998,-0.964169702339
143.349999999998,-0.980228181741
143.399999999998,-0.995518212455
143.449999999998,-1.010027807881
143.499999999998,-1.023745593240
143.549999999998,-1.036660814489
143.599999999998,-1.048763346758
143.649999999998,-1.060043702280
143.699999999998,-1.070493037836
143.749999999998,-1.080103161680
143.799999999998,-1.088866539969
143.849999999998,-1.096776302662
143.899999999998,-1.103826248910
143.949999999998,-1.110010851917
143.999999999998,-1.115325263271
144.049999999999,-1.119765316746
144.099999999999,-1.123327531567
144.149999999999,-1.126009115140
144.199999999999,-1.127807965240
144.249999999999,-1.128722671663
144.299999999999,-1.128752517324
144.349999999999,-1.127897478826
144.399999999999,-1.126158226475
144.449999999999,-1.123536123757
144.499999999999,-1.120033226265
144.549999999999,-1.115652280092
144.599999999999,-1.110396719675
144.649999999999,-1.104270665104
144.699999999999,-1.097278918893
144.749999999999,-1.089426962212
144.799999999999,-1.080720950593
144.849999999999,-1.071167709103
144.899999999999,-1.060774726994
144.949999999999,-1.049550151833
144.999999999999,-1.037502783110
145.049999999999,-1.024642065346
145.099999999999,-1.010978080685
145.149999999999,-0.996521540992
145.199999999999,-0.981283779451
145.249999999999,-0.965276741690
145.299999999999,-0.948512976404
145.349999999999,-0.931005625527
145.399999999999,-0.912768413926
145.449999999999,-0.893815638641
145.499999999999,-0.874162157676
145.549999999999,-0.853823378354
145.599999999999,-0.832815245236
145.649999999999,-0.811154227623
145.699999999999,-0.788857306643
145.749999999999,-0.765941961939
145.799999999999,-0.742426157969
145.849999999999,-0.718328329918
145.899999999999,-0.693667369250
145.949999999999,-0.668462608893
145.999999999999,-0.642733808090
146.049999999999,-0.616501136902
146.099999999999,-0.589785160400
146.149999999999,-0.562606822540
146.199999999999,-0.534987429749
146.249999999999,-0.506948634215
146.299999999999,-0.478512416917
146.349999999999,-0.449701070395
146.399999999999,-0.420537181266
146.449999999999,-0.391043612527
146.499999999999,-0.361243485626
146.549999999999,-0.331160162334
146.599999999999,-0.300817226438
146.649999999999,-0.270238465243
146.699999999999,-0.239447850934
146.749999999999,-0.208469521774
146.799999999999,-0.177327763186
146.849999999999,-0.146046988715
146.899999999999,-0.114651720886
146.949999999999,-0.083166571979
146.999999999999,-0.051616224740
147.049999999999,-0.020025413025
147.099999999999,0.011581097589
147.149999999999,0.043178529215
147.199999999999,0.074742111086
147.249999999999,0.106247098970
147.299999999999,0.137668794570
147.349999999999,0.168982564887
147.399999999999,0.200163861529
147.449999999999,0.231188239955
147.499999999999,0.262031378643
147.549999999999,0.292669098151
147.599999999999,0.323077380076
147.649999999999,0.353232385884
147.699999999999,0.383110475593
147.749999999999,0.412688226313
147.799999999999,0.441942450601
147.849999999999,0.470850214644
147.899999999999,0.499388856236
147.949999999999,0.527536002543
147.999999999999,0.555269587645
148.049999999999,0.582567869831
148.099999999999,0.609409448646
148.149999999999,0.635773281667
148.199999999999,0.661638701000
148.249999999999,0.686985429480
148.299999999999,0.711793596571
148.349999999999,0.736043753940
148.399999999999,0.759716890707
148.450000000000,0.782794448343
148.500000000000,0.805258335227
148.550000000000,0.827090940822
148.600000000000,0.848275149482
148.650000000000,0.868794353874
148.700000000000,0.888632467992
148.750000000000,0.907773939771
148.800000000000,0.926203763277
148.850000000000,0.943907490474
148.900000000000,0.960871242544
148.950000000000,0.977081720776
149.000000000000,0.992526216985
149.050000000000,1.007192623478
149.100000000000,1.021069442542
149.150000000000,1.034145795462
149.200000000000,1.046411431047
149.250000000000,1.057856733668
149.300000000000,1.068472730792
149.350000000000,1.078251100023
149.400000000000,1.087184175620
149.450000000000,1.095264954509
149.500000000000,1.102487101772
149.550000000000,1.108844955618
149.600000000000,1.114333531813
149.650000000000,1.118948527595
149.700000000000,1.122686325044
149.750000000000,1.125543993919
149.800000000000,1.127519293952
149.850000000000,1.128610676611
149.900000000000,1.128817286306
149.950000000000,1.128138961067
150.000000000000,1.126576232666
150.050000000000,1.124130326202
150.100000000000,1.120803159140
150.150000000000,1.116597339808
150.200000000000,1.111516165355
150.250000000000,1.105563619159
150.300000000000,1.098744367713
150.350000000000,1.091063756961
150.400000000000,1.082527808107
150.450000000000,1.073143212899
150.500000000000,1.062917328378
150.550000000000,1.051858171115
150.600000000000,1.039974410922
150.650000000000,1.027275364057
150.700000000000,1.013770985925
150.750000000000,0.999471863265
150.800000000000,0.984389205857
150.850000000000,0.968534837732
150.900000000000,0.951921187902
150.950000000000,0.934561280619
151.000000000000,0.916468725160
151.050000000000,0.897657705162
151.100000000000,0.878142967501
151.150000000000,0.857939810732
151.200000000000,0.837064073095
151.250000000000,0.815532120099
151.300000000000,0.793360831692
151.350000000000,0.770567589030
151.400000000000,0.747170260846
151.450000000000,0.723187189448
151.500000000000,0.698637176334
151.550000000000,0.673539467459
151.600000000000,0.647913738140
151.650000000000,0.621780077636
151.700000000000,0.595158973399
151.750000000000,0.568071295011
151.800000000000,0.540538277825
151.850000000000,0.512581506315
151.900000000000,0.484222897158
151.950000000000,0.455484682052
152.000000000000,0.426389390285
152.050000000000,0.396959831075
152.100000000000,0.367219075691
152.150000000000,0.337190439360
152.200000000000,0.306897462995
152.250000000000,0.276363894739
152.300000000000,0.245613671345
152.350000000000,0.214670899412
152.400000000000,0.183559836490
152.450000000000,0.152304872058
152.500000000000,0.120930508408
152.550000000000,0.089461341433
152.600000000000,0.057922041348
152.650000000000,0.026337333350
152.700000000000,-0.005268021769
152.750000000000,-0.036869247028
152.800000000000,-0.068441568686
152.850000000001,-0.099960235660
152.900000000001,-0.131400538929
152.950000000001,-0.162737830906
153.000000000001,-0.193947544758
153.050000000001,-0.225005213670
153.100000000001,-0.255886490019
153.150000000001,-0.286567164467
153.200000000001,-0.317023184935
153.250000000001,-0.347230675464
153.300000000001,-0.377165954929
153.350000000001,-0.406805555604
153.400000000001,-0.436126241559
153.450000000001,-0.465105026880
153.500000000001,-0.493719193682
153.550000000001,-0.521946309925
153.600000000001,-0.549764246995
153.650000000001,-0.577151197054
153.700000000001,-0.604085690136
153.750000000001,-0.630546610979
153.800000000001,-0.656513215575
153.850000000001,-0.681965147436
153.900000000001,-0.706882453553
153.950000000001,-0.731245600032
154.000000000001,-0.755035487415
154.050000000001,-0.778233465649
154.100000000001,-0.800821348707
154.150000000001,-0.822781428846
154.200000000001,-0.844096490487
154.250000000001,-0.864749823714
154.300000000001,-0.884725237373
154.350000000001,-0.904007071760
154.400000000001,-0.922580210907
154.450000000001,-0.940430094423
154.500000000001,-0.957542728913
154.550000000001,-0.973904698950
154.600000000001,-0.989503177586
154.650000000001,-1.004325936413
154.700000000001,-1.018361355147
154.750000000001,-1.031598430740
154.800000000001,-1.044026786001
154.850000000001,-1.055636677737
154.900000000001,-1.066419004387
154.950000000001,-1.076365313160
155.000000000001,-1.085467806659
155.050000000001,-1.093719348995
155.100000000001,-1.101113471382
155.150000000001,-1.107644377206
155.200000000001,-1.113306946572
155.250000000001,-1.118096740316
155.300000000001,-1.122010003484
155.350000000001,-1.125043668278
155.400000000001,-1.127195356462
155.450000000001,-1.128463381221
155.500000000001,-1.128846748489
155.550000000001,-1.128345157725
155.600000000001,-1.126959002152
155.650000000001,-1.124689368444
155.700000000001,-1.121538035878
155.750000000001,-1.117507474936
155.800000000001,-1.112600845373
155.850000000001,-1.106821993735
155.900000000001,-1.100175450345
155.950000000001,-1.092666425753
156.000000000001,-1.084300806650
156.050000000001,-1.075085151252
156.100000000001,-1.065026684161
156.150000000001,-1.054133290701
156.200000000001,-1.042413510733
156.250000000001,-1.029876531965
156.300000000001,-1.016532182747
156.350000000001,-1.002390924364
156.400000000001,-0.987463842839
156.450000000001,-0.971762640239
156.500000000001,-0.955299625502
156.550000000001,-0.938087704790
156.600000000001,-0.920140371366
156.650000000001,-0.901471695020
156.700000000001,-0.882096311039
156.750000000001,-0.862029408731
156.800000000001,-0.841286719520
156.850000000001,-0.819884504611
156.900000000001,-0.797839542246
156.950000000001,-0.775169114544
157.000000000001,-0.751890993961
157.050000000001,-0.728023429350
157.100000000001,-0.703585131660
157.150000000001,-0.678595259265
157.200000000001,-0.653073402943
157.250000000002,-0.627039570525
157.300000000002,-0.600514171200
157.350000000002,-0.573517999523
157.400000000002,-0.546072219110
157.450000000002,-0.518198346047
157.500000000002,-0.489918232023
157.550000000002,-0.461254047199
157.600000000002,-0.432228262827
157.650000000002,-0.402863633636
157.700000000002,-0.373183179991
157.750000000002,-0.343210169847
157.800000000002,-0.312968100509
157.850000000002,-0.282480680210
157.900000000002,-0.251771809527
157.950000000002,-0.220865562641
158.000000000002,-0.189786168466
158.050000000002,-0.158557991657
158.100000000002,-0.127205513503
158.150000000002,-0.095753312742
158.200000000002,-0.064226046289
158.250000000002,-0.032648429904
158.300000000002,-0.001045218823
158.350000000002,0.030558811656
158.400000000002,0.062138885592
158.450000000002,0.093670245824
158.500000000002,0.125128173382
158.550000000002,0.156488006860
158.600000000002,0.187725161757
158.650000000002,0.218815149742
158.700000000002,0.249733597857
158.750000000002,0.280456267623
158.800000000002,0.310959074040
158.850000000002,0.341218104470
158.900000000002,0.371209637384
158.950000000002,0.400910160955
159.000000000002,0.430296391495
159.050000000002,0.459345291704
159.100000000002,0.488034088731
159.150000000002,0.516340292030
159.200000000002,0.544241710987
159.250000000002,0.571716472319
159.300000000002,0.598743037220
159.350000000002,0.625300218247
159.400000000002,0.651367195931
159.450000000002,0.676923535096
159.500000000002,0.701949200882
159.550000000002,0.726424574448
159.600000000002,0.750330468355
159.650000000002,0.773648141607
159.700000000002,0.796359314343
159.750000000002,0.818446182165
159.800000000002,0.839891430101
159.850000000002,0.860678246176
159.900000000002,0.880790334589
159.950000000002,0.900211928494
160.000000000002,0.918927802356
160.050000000002,0.936923283888
160.100000000002,0.954184265555
160.150000000002,0.970697215631
160.200000000002,0.986449188810
160.250000000002,1.001427836350
160.300000000002,1.015621415759
160.350000000002,1.029018799999
160.400000000002,1.041609486206
160.450000000002,1.053383603927
160.500000000002,1.064331922856
160.550000000002,1.074445860074
160.600000000002,1.083717486770
160.650000000002,1.092139534464
160.700000000002,1.099705400703
160.750000000002,1.106409154234
160.800000000002,1.112245539659
160.850000000002,1.117209981550
160.900000000002,1.121298588039
160.950000000002,1.124508153868
161.000000000002,1.126836162902
161.050000000002,1.128280790100
161.100000000002,1.128840902949
161.150000000002,1.128516062350
161.200000000002,1.127306522961
161.250000000002,1.125213232998
161.300000000002,1.122237833494
161.350000000002,1.118382657009
161.400000000002,1.113650725805
161.450000000002,1.108045749473
161.500000000002,1.101572122027
161.550000000002,1.094234918461
161.600000000002,1.086039890765
161.650000000003,1.076993463421
161.700000000003,1.067102728366
161.750000000003,1.056375439429
161.800000000003,1.044820006255
161.850000000003,1.032445487712
161.900000000003,1.019261584788
161.950000000003,1.005278632988
162.000000000003,0.990507594230
162.050000000003,0.974960048252
162.100000000003,0.958648183534
162.150000000003,0.941584787742
162.200000000003,0.923783237705
162.250000000003,0.905257488925
162.300000000003,0.886022064641
162.350000000003,0.866092044440
162.400000000003,0.845483052438
162.450000000003,0.824211245028
162.500000000003,0.802293298219
162.550000000003,0.779746394557
162.600000000003,0.756588209660
162.650000000003,0.732836898359
162.700000000003,0.708511080466
162.750000000003,0.683629826176
162.800000000003,0.658212641118
162.850000000003,0.632279451062
162.900000000003,0.605850586303
162.950000000003,0.578946765715
163.000000000003,0.551589080517
163.050000000003,0.523798977732
163.100000000003,0.495598243377
163.150000000003,0.467008985384
163.200000000003,0.438053616267
163.250000000003,0.408754835551
163.300000000003,0.379135611981
163.350000000003,0.349219165511
163.400000000003,0.319028949102
163.450000000003,0.288588630337
163.500000000003,0.257922072868
163.550000000003,0.227053317704
163.600000000003,0.196006564369
163.650000000003,0.164806151927
163.700000000003,0.133476539903
163.750000000003,0.102042289109
163.800000000003,0.070528042386
163.850000000003,0.038958505291
163.900000000003,0.007358426723
163.950000000003,-0.024247420475
164.000000000003,-0.055834258937
164.050000000003,-0.087377326199
164.100000000003,-0.118851894114
164.150000000003,-0.150233288231
164.200000000003,-0.181496907145
164.250000000003,-0.212618241780
164.300000000003,-0.243572894604
164.350000000003,-0.274336598754
164.400000000003,-0.304885237063
164.450000000003,-0.335194860961
164.500000000003,-0.365241709258
164.550000000003,-0.395002226762
164.600000000003,-0.424453082752
164.650000000003,-0.453571189266
164.700000000003,-0.482333719200
164.750000000003,-0.510718124202
164.800000000003,-0.538702152355
164.850000000003,-0.566263865612
164.900000000003,-0.593381657002
164.950000000003,-0.620034267567
165.000000000003,-0.646200803024
165.050000000003,-0.671860750150
165.100000000003,-0.696993992860
165.150000000003,-0.721580827980
165.200000000003,-0.745601980690
165.250000000003,-0.769038619637
165.300000000003,-0.791872371696
165.350000000003,-0.814085336376
165.400000000003,-0.835660099850
165.450000000003,-0.856579748607
165.500000000003,-0.876827882716
165.550000000003,-0.896388628676
165.600000000003,-0.915246651864
165.650000000003,-0.933387168555
165.700000000003,-0.950795957515
165.750000000003,-0.967459371144
165.800000000003,-0.983364346179
165.850000000003,-0.998498413935
165.900000000003,-1.012849710077
165.950000000003,-1.026406983924
166.000000000003,-1.039159607269
166.050000000004,-1.051097582708
166.100000000004,-1.062211551479
166.150000000004,-1.072492800799
166.200000000004,-1.081933270698
166.250000000004,-1.090525560328
166.300000000004,-1.098262933776
166.350000000004,-1.105139325337
166.400000000004,-1.111149344272
166.450000000004,-1.116288279034
166.500000000004,-1.120552100962
166.550000000004,-1.123937467437
166.600000000004,-1.126441724506
166.650000000004,-1.128062908959
166.700000000004,-1.128799749871
166.750000000004,-1.128651669597
166.800000000004,-1.127618784222
166.850000000004,-1.125701903478
166.900000000004,-1.122902530100
166.950000000004,-1.119222858653
167.000000000004,-1.114665773811
167.050000000004,-1.109234848096
167.100000000004,-1.102934339075
167.150000000004,-1.095769186025
167.200000000004,-1.087745006058
167.250000000004,-1.078868089720
167.300000000004,-1.069145396060
167.350000000004,-1.058584547171
167.400000000004,-1.047193822218
167.450000000004,-1.034982150945
167.500000000004,-1.021959106678
167.550000000004,-1.008134898816
167.600000000004,-0.993520364830
167.650000000004,-0.978126961766
167.700000000004,-0.961966757263
167.750000000004,-0.945052420095
167.800000000004,-0.927397210235
167.850000000004,-0.909014968463
167.900000000004,-0.889920105516
167.950000000004,-0.870127590788
168.000000000004,-0.849652940597
168.050000000004,-0.828512206019
168.100000000004,-0.806721960309
168.150000000004,-0.784299285902
168.200000000004,-0.761261761026
168.250000000004,-0.737627445922
168.300000000004,-0.713414868681
168.350000000004,-0.688643010724
168.400000000004,-0.663331291919
168.450000000004,-0.637499555357
168.500000000004,-0.611168051797
168.550000000004,-0.584357423788
168.600000000004,-0.557088689489
168.650000000004,-0.529383226192
168.700000000004,-0.501262753561
168.750000000004,-0.472749316605
168.800000000004,-0.443865268400
168.850000000004,-0.414633252559
168.900000000004,-0.385076185485
168.950000000004,-0.355217238406
169.000000000004,-0.325079819206
169.050000000004,-0.294687554078
169.100000000004,-0.264064269001
169.150000000004,-0.233233971064
169.200000000004,-0.202220829639
169.250000000004,-0.171049157441
169.300000000004,-0.139743391465
169.350000000004,-0.108328073828
169.400000000004,-0.076827832530
169.450000000004,-0.045267362146
169.500000000004,-0.013671404468
169.550000000004,0.017935270890
169.600000000004,0.049527885915
169.650000000004,0.081081673613
169.700000000004,0.112571897433
169.750000000004,0.143973870651
169.800000000004,0.175262975729
169.850000000004,0.206414683610
169.900000000004,0.237404572953
169.950000000004,0.268208349270
170.000000000004,0.298801863979
170.050000000004,0.329161133331
170.100000000004,0.359262357214
170.150000000004,0.389081937810
170.200000000004,0.418596498097
170.250000000004,0.447782900169
170.300000000004,0.476618263382
170.350000000004,0.505079982290
170.400000000004,0.533145744362
170.450000000005,0.560793547478
170.500000000005,0.588001717176
170.550000000005,0.614748923646
170.600000000005,0.641014198447
170.650000000005,0.666776950949
170.700000000005,0.692016984474
170.750000000005,0.716714512128
170.800000000005,0.740850172315
170.850000000005,0.764405043913
170.900000000005,0.787360661110
170.950000000005,0.809699027876
171.000000000005,0.831402632078
171.050000000005,0.852454459201
171.100000000005,0.872838005690
171.150000000005,0.892537291889
171.200000000005,0.911536874568
171.250000000005,0.929821859026
171.300000000005,0.947377910771
171.350000000005,0.964191266760
171.400000000005,0.980248746181
171.450000000005,0.995537760793
171.500000000005,1.010046324793
171.550000000005,1.023763064208
171.600000000005,1.036677225818
171.650000000005,1.048778685582
171.700000000005,1.060057956574
171.750000000005,1.070506196425
171.800000000005,1.080115214249
171.850000000005,1.088877477069
171.900000000005,1.096786115719
171.950000000005,1.103834930232
172.000000000005,1.110018394697
172.050000000005,1.115331661597
172.100000000005,1.119770565601
172.150000000005,1.123331626836
172.200000000005,1.126012053613
172.250000000005,1.127809744614
172.300000000005,1.128723290542
172.350000000005,1.128751975223
172.400000000005,1.127895776170
172.450000000005,1.126155364600
172.500000000005,1.123532104905
172.550000000005,1.120028053588
172.600000000005,1.115645957644
172.650000000005,1.110389252413
172.700000000005,1.104262058882
172.750000000005,1.097269180457
172.800000000005,1.089416099197
172.850000000005,1.080708971515
172.900000000005,1.071154623353
172.950000000005,1.060760544831
173.000000000005,1.049534884374
173.050000000005,1.037486442325
173.100000000005,1.024624664045
173.150000000005,1.010959632510
173.200000000005,0.996502060405
173.250000000005,0.981263281724
173.300000000005,0.965255242891
173.350000000005,0.948490493389
173.400000000005,0.930982175921
173.450000000005,0.912744016111
173.500000000005,0.893790311745
173.550000000005,0.874135921553
173.600000000005,0.853796253572
173.650000000005,0.832787253060
173.700000000005,0.811125389997
173.750000000005,0.788827646174
173.800000000005,0.765911501880
173.850000000005,0.742394922199
173.900000000005,0.718296342924
173.950000000005,0.693634656108
174.000000000005,0.668429195249
174.050000000005,0.642699720138
174.100000000005,0.616466401365
174.150000000005,0.589749804509
174.200000000005,0.562570874013
174.250000000005,0.534950916767
174.300000000005,0.506911585403
174.350000000005,0.478474861319
174.400000000005,0.449663037452
174.450000000005,0.420498700795
174.500000000005,0.391004714694
174.550000000005,0.361204200925
174.600000000005,0.331120521563
174.650000000005,0.300777260672
174.700000000005,0.270198205814
174.750000000005,0.239407329402
174.800000000005,0.208428769907
174.850000000006,0.177286812932
174.900000000006,0.146005872176
174.950000000006,0.114610470295
175.000000000006,0.083125219676
175.050000000006,0.051574803141
175.100000000006,0.019983954603
175.150000000006,-0.011622560332
175.200000000006,-0.043219963775
175.250000000006,-0.074783484980
175.300000000006,-0.106288379763
175.350000000006,-0.137709949901
175.400000000006,-0.169023562491
175.450000000006,-0.200204669266
175.500000000006,-0.231228825834
175.550000000006,-0.262071710847
175.600000000006,-0.292709145062
175.650000000006,-0.323117110299
175.700000000006,-0.353271768272
175.750000000006,-0.383149479274
175.800000000006,-0.412726820708
175.850000000006,-0.441980605455
175.900000000006,-0.470887900046
175.950000000006,-0.499426042641
176.000000000006,-0.527572660800
176.050000000006,-0.555305689015
176.100000000006,-0.582603386013
176.150000000006,-0.609444351797
176.200000000006,-0.635807544425
176.250000000006,-0.661672296504
176.300000000006,-0.687018331394
176.350000000006,-0.711825779100
176.400000000006,-0.736075191856
176.450000000006,-0.759747559363
176.500000000006,-0.782824323698
176.550000000006,-0.805287393859
176.600000000006,-0.827119159950
176.650000000006,-0.848302506985
176.700000000006,-0.868820828305
176.750000000006,-0.888658038596
176.800000000006,-0.907798586502
176.850000000006,-0.926227466813
176.900000000006,-0.943930232232
176.950000000006,-0.960893004697
177.000000000006,-0.977102486263
177.050000000006,-0.992545969528
177.100000000006,-1.007211347590
177.150000000006,-1.021087123545
177.200000000006,-1.034162419495
177.250000000006,-1.046426985078
177.300000000006,-1.057871205503
177.350000000006,-1.068486109087
177.400000000006,-1.078263374289
177.450000000006,-1.087195336235
177.500000000006,-1.095274992723
177.550000000006,-1.102496009717
177.600000000006,-1.108852726308
177.650000000006,-1.114340159158
177.700000000006,-1.118954006400
177.750000000006,-1.122690651013
177.800000000006,-1.125547163661
177.850000000006,-1.127521304982
177.900000000006,-1.128611527352
177.950000000006,-1.128816976092
178.000000000006,-1.128137490141
178.050000000006,-1.126573602180
178.100000000006,-1.124126538219
178.150000000006,-1.120798216630
178.200000000006,-1.116591246645
178.250000000006,-1.111508926316
178.300000000006,-1.105555239919
178.350000000006,-1.098734854841
178.400000000006,-1.091053117914
178.450000000006,-1.082516051227
178.500000000006,-1.073130347401
178.550000000006,-1.062903364349
178.600000000006,-1.051843119501
178.650000000006,-1.039958283523
178.700000000006,-1.027258173518
178.750000000006,-1.013752745720
178.800000000006,-0.999452587694
178.850000000006,-0.984368910032
178.900000000006,-0.968513537563
178.950000000006,-0.951898900088
179.000000000006,-0.934538022632
179.050000000006,-0.916444515233
179.100000000006,-0.897632562274
179.150000000006,-0.878116911363
179.200000000006,-0.857912861771
179.250000000007,-0.837036252438
179.300000000007,-0.815503449555
179.350000000007,-0.793331333738
179.400000000007,-0.770537286790
179.450000000007,-0.747139178077
179.500000000007,-0.723155350516
179.550000000007,-0.698604606200
179.600000000007,-0.673506191655
179.650000000007,-0.647879782753
179.700000000007,-0.621745469286
179.750000000007,-0.595123739217
179.800000000007,-0.568035462618
179.850000000007,-0.540501875312
179.900000000007,-0.512544562220
179.950000000007,-0.484185440443
180.000000000007,-0.455446742081
180.050000000007,-0.426350996802
180.100000000007,-0.396921014178
180.150000000007,-0.367179865810
180.200000000007,-0.337150867234
180.250000000007,-0.306857559647
180.300000000007,-0.276323691450
180.350000000007,-0.245573199633
180.400000000007,-0.214630191005
180.450000000007,-0.183518923301
180.500000000007,-0.152263786161
180.550000000007,-0.120889282011
180.600000000007,-0.089420006856
180.650000000007,-0.057880630996
180.700000000007,-0.026295879686
180.750000000007,0.005309486246
180.800000000007,0.036910689814
180.850000000007,0.068482957291
180.900000000007,0.100001537638
180.950000000007,0.131441721901
181.000000000007,0.162778862586
181.050000000007,0.193988392981
181.100000000007,0.225045846412
181.150000000007,0.255926875426
181.200000000007,0.286607270878
181.250000000007,0.317062980910
181.300000000007,0.347270129805
181.350000000007,0.377205036705
181.400000000007,0.406844234177
181.450000000007,0.436164486608
181.500000000007,0.465142808422
181.550000000007,0.493756482098
181.600000000007,0.521983075983
181.650000000007,0.549800461872
181.700000000007,0.577186832360
181.750000000007,0.604120717935
181.800000000007,0.630581003810
181.850000000007,0.656546946476
181.900000000007,0.681998189965
181.950000000007,0.706914781805
182.000000000007,0.731277188664
182.050000000007,0.755066311663
182.100000000007,0.778263501348
182.150000000007,0.800850572310
182.200000000007,0.822809817444
182.250000000007,0.844124021825
182.300000000007,0.864776476209
182.350000000007,0.884750990130
182.400000000007,0.904031904591
182.450000000007,0.922604104343
182.500000000007,0.940453029734
182.550000000007,0.957564688119
182.600000000007,0.973925664835
182.650000000007,0.989523133714
182.700000000007,1.004344867140
182.750000000007,1.018379245633
182.800000000007,1.031615266958
182.850000000007,1.044042554753
182.900000000007,1.055651366662
182.950000000007,1.066432601969
183.000000000007,1.076377808739
183.050000000007,1.085479190439
183.100000000007,1.093729612052
183.150000000007,1.101122605670
183.200000000007,1.107652375565
183.250000000007,1.113313802731
183.300000000007,1.118102448900
183.350000000007,1.122014560018
183.400000000007,1.125047069190
183.450000000007,1.127197599085
183.500000000007,1.128464463798
183.550000000007,1.128846670171
183.600000000007,1.128343918574
183.650000000008,1.126956603138
183.700000000008,1.124685811449
183.750000000008,1.121533323689
183.800000000008,1.117501611249
183.850000000008,1.112593834784
183.900000000008,1.106813841740
183.950000000008,1.100166163334
184.000000000008,1.092656011007
184.050000000008,1.084289272334
184.100000000008,1.075072506408
184.150000000008,1.065012938702
184.200000000008,1.054118455403
184.250000000008,1.042397597226
184.300000000008,1.029859552724
184.350000000008,1.016514151083
184.400000000008,1.002371854413
184.450000000008,0.987443749551
184.500000000008,0.971741539366
184.550000000008,0.955277533586
184.600000000008,0.938064639150
184.650000000008,0.920116350084
184.700000000008,0.901446736928
184.750000000008,0.882070435702
184.800000000008,0.862002636435
184.850000000008,0.841259071252
184.900000000008,0.819856002047
184.950000000008,0.797810207729
185.000000000008,0.775138971072
185.050000000008,0.751860065164
185.100000000008,0.727991739476
185.150000000008,0.703552705551
185.200000000008,0.678562122342
185.250000000008,0.653039581184
185.300000000008,0.627005090444
185.350000000008,0.600479059827
185.400000000008,0.573482284385
185.450000000008,0.546035928205
185.500000000008,0.518161507825
185.550000000008,0.489880875364
185.600000000008,0.461216201388
185.650000000008,0.432189957533
185.700000000008,0.402824898889
185.750000000008,0.373144046156
185.800000000008,0.343170667604
185.850000000008,0.312928260825
185.900000000008,0.282440534319
185.950000000008,0.251731388900
186.000000000008,0.220824898965
186.050000000008,0.189745293621
186.100000000008,0.158516937685
186.150000000008,0.127164312589
186.200000000008,0.095711997186
186.250000000008,0.064184648479
186.300000000008,0.032606982295
186.350000000008,0.001003753907
186.400000000008,-0.030600261372
186.450000000008,-0.062180287614
186.500000000008,-0.093711567695
186.550000000008,-0.125169382707
186.600000000008,-0.156529071334
186.650000000008,-0.187766049187
186.700000000008,-0.218855828075
186.750000000008,-0.249774035203
186.800000000008,-0.280496432281
186.850000000008,-0.310998934523
186.900000000008,-0.341257629529
186.950000000008,-0.371248796034
187.000000000008,-0.400948922497
187.050000000008,-0.430334725542
187.100000000008,-0.459383168204
187.150000000008,-0.488071477992
187.200000000008,-0.516377164740
187.250000000008,-0.544278038239
187.300000000008,-0.571752225635
187.350000000008,-0.598778188571
187.400000000008,-0.625334740076
187.450000000008,-0.651401061175
187.500000000008,-0.676956717207
187.550000000008,-0.701981673846
187.600000000008,-0.726456312808
187.650000000008,-0.750361447230
187.700000000008,-0.773678336711
187.750000000008,-0.796388702004
187.800000000008,-0.818474739345
187.850000000008,-0.839919134413
187.900000000008,-0.860705075901
187.950000000008,-0.880816268694
188.000000000008,-0.900236946648
188.050000000009,-0.918951884945
188.100000000009,-0.936946412034
188.150000000009,-0.954206421126
188.200000000009,-0.970718381259
188.250000000009,-0.986469347900
188.300000000009,-1.001446973100
188.350000000009,-1.015639515167
188.400000000009,-1.029035847876
188.450000000009,-1.041625469186
188.500000000009,-1.053398509481
188.550000000009,-1.064345739300
188.600000000009,-1.074458576574
188.650000000009,-1.083729093359
188.700000000009,-1.092150022043
188.750000000009,-1.099714761049
188.800000000009,-1.106417380010
188.850000000009,-1.112252624416
188.900000000009,-1.117215919734
188.950000000009,-1.121303374995
189.000000000009,-1.124511785843
189.050000000009,-1.126838637048
189.100000000009,-1.128282104479
189.150000000009,-1.128841056530
189.200000000009,-1.128515055012
189.250000000009,-1.127304355494
189.300000000009,-1.125209907101
189.350000000009,-1.122233351774
189.400000000009,-1.118377022981
189.450000000009,-1.113643943884
189.500000000009,-1.108037824977
189.550000000009,-1.101563061168
189.600000000009,-1.094224728342
189.650000000009,-1.086028579374
189.700000000009,-1.076981039627
189.750000000009,-1.067089201908
189.800000000009,-1.056360820911
189.850000000009,-1.044804307137
189.900000000009,-1.032428720300
189.950000000009,-1.019243762229
190.000000000009,-1.005259769253
190.050000000009,-0.990487704108
190.100000000009,-0.974939147335
190.150000000009,-0.958626288207
190.200000000009,-0.941561915170
190.250000000009,-0.923759405819
190.300000000009,-0.905232716408
190.350000000009,-0.885996370914
190.400000000009,-0.866065449645
190.450000000009,-0.845455577424
190.500000000009,-0.824182911334
190.550000000009,-0.802264128057
190.600000000009,-0.779716410795
190.650000000009,-0.756557435804
190.700000000009,-0.732805358535
190.750000000009,-0.708478799398
190.800000000009,-0.683596829171
190.850000000009,-0.658178954044
190.900000000009,-0.632245100329
190.950000000009,-0.605815598838
191.000000000009,-0.578911168948
191.050000000009,-0.551552902354
191.100000000009,-0.523762246534
191.150000000009,-0.495560987941
191.200000000009,-0.466971234915
191.250000000009,-0.438015400360
191.300000000009,-0.408716184166
191.350000000009,-0.379096555417
191.400000000009,-0.349179734387
191.450000000009,-0.318989174330
191.500000000009,-0.288548543099
191.550000000009,-0.257881704590
191.600000000009,-0.227012700032
191.650000000009,-0.195965729146
191.700000000009,-0.164765131165
191.750000000009,-0.133435365761
191.800000000009,-0.102000993865
191.850000000009,-0.070486658414
191.900000000009,-0.038917065033
191.950000000009,-0.007316962666
192.000000000009,0.024288875825
192.050000000009,0.055875673081
192.100000000009,0.087418666671
192.150000000009,0.118893128504
192.200000000009,0.150274384214
192.250000000009,0.181537832504
192.300000000009,0.212658964432
192.350000000009,0.243613382624
192.400000000009,0.274376820402
192.450000000010,0.304925160806
192.500000000010,0.335234455502
192.550000000010,0.365280943556
192.600000000010,0.395041070060
192.650000000010,0.424491504599
192.700000000010,0.453609159541
192.750000000010,0.482371208136
192.800000000010,0.510755102410
192.850000000010,0.538738590845
192.900000000010,0.566299735819
192.950000000010,0.593416930807
193.000000000010,0.620068917315
193.050000000010,0.646234801552
193.100000000010,0.671894070804
193.150000000010,0.697026609520
193.200000000010,0.721612715075
193.250000000010,0.745633113223
193.300000000010,0.769068973201
193.350000000010,0.791901922496
193.400000000010,0.814114061245
193.450000000010,0.835687976269
193.500000000010,0.856606754723
193.550000000010,0.876853997357
193.600000000010,0.896413831370
193.650000000010,0.915270922853
193.700000000010,0.933410488813
193.750000000010,0.950818308759
193.800000000010,0.967480735851
193.850000000010,0.983384707601
193.900000000010,0.998517756110
193.950000000010,1.012868017841
194.000000000010,1.026424242926
194.050000000010,1.039175803978
194.100000000010,1.051112704426
194.150000000010,1.062225586352
194.200000000010,1.072505737825
194.250000000010,1.081945099733
194.300000000010,1.090536272101
194.350000000010,1.098272519888
194.400000000010,1.105147778273
194.450000000010,1.111156657406
194.500000000010,1.116294446633
194.550000000010,1.120557118191
194.600000000010,1.123941330362
194.650000000010,1.126444430099
194.700000000010,1.128064455099
194.750000000010,1.128800135346
194.800000000010,1.128650894104
194.850000000010,1.127616848370
194.900000000010,1.125698808784
194.950000000010,1.122898278990
195.000000000010,1.119217454460
195.050000000010,1.114659220772
195.100000000010,1.109227151348
195.150000000010,1.102925504651
195.200000000010,1.095759220851
195.250000000010,1.087733917947
195.300000000010,1.078855887365
195.350000000010,1.069132089026
195.400000000010,1.058570145890
195.450000000010,1.047178337979
195.500000000010,1.034965595888
195.550000000010,1.021941493781
195.600000000010,1.008116241887
195.650000000010,0.993500678495
195.700000000010,0.978106261458
195.750000000010,0.961945059210
195.800000000010,0.945029741307
195.850000000010,0.927373568491
195.900000000010,0.908990382298
195.950000000010,0.889894594203
196.000000000010,0.870101174327
196.050000000010,0.849625639696
196.100000000010,0.828484042082
196.150000000010,0.806692955414
196.200000000010,0.784269462788
196.250000000010,0.761231143073
196.300000000010,0.737596057132
196.350000000010,0.713382733662
196.400000000010,0.688610154669
196.450000000010,0.663297740585
196.500000000010,0.637465335046
196.550000000010,0.611133189335
196.600000000010,0.584321946507
196.650000000010,0.557052625201
196.700000000010,0.529346603169
196.750000000010,0.501225600514
196.800000000010,0.472711662660
196.850000000011,0.443827143075
196.900000000011,0.414594685743
196.950000000011,0.385037207413
197.000000000011,0.355177879634
197.050000000011,0.325040110589
197.100000000011,0.294647526747
197.150000000011,0.264023954335
197.200000000011,0.233193400666
197.250000000011,0.202180035315
197.300000000011,0.171008171173
197.350000000011,0.139702245383
197.400000000011,0.108286800188
197.450000000011,0.076786463688
197.500000000011,0.045225930534
197.550000000011,0.013629942567
197.600000000011,-0.017976730577
197.650000000011,-0.049569310885
197.700000000011,-0.081123031392
197.750000000011,-0.112613155598
197.800000000011,-0.144014996858
197.850000000011,-0.175303937737
197.900000000011,-0.206455449307
197.950000000011,-0.237445110380
198.000000000011,-0.268248626649
198.050000000011,-0.298841849734
198.100000000011,-0.329200796115
198.150000000011,-0.359301665934
198.200000000011,-0.389120861650
198.250000000011,-0.418635006541
198.300000000011,-0.447820963030
198.350000000011,-0.476655850821
198.400000000011,-0.505117064840
198.450000000011,-0.533182292951
198.500000000011,-0.560829533455
198.550000000011,-0.588037112330
198.600000000011,-0.614783700228
198.650000000011,-0.641048329195
198.700000000011,-0.666810409105
198.750000000011,-0.692049743810
198.800000000011,-0.716746546961
198.850000000011,-0.740881457532
198.900000000011,-0.764435554988
198.950000000011,-0.787390374123
199.000000000011,-0.809727919535
199.050000000011,-0.831430679733
199.100000000011,-0.852481640863
199.150000000011,-0.872864300051
199.200000000011,-0.892562678336
199.250000000011,-0.911561333198
199.300000000011,-0.929845370665
199.350000000011,-0.947400456988
199.400000000011,-0.964212829879
199.450000000011,-0.980269309298
199.500000000011,-0.995557307788
199.550000000011,-1.010064840341
199.600000000011,-1.023780533795
199.650000000011,-1.036693635748
199.700000000011,-1.048794022990
199.750000000011,-1.060072209438
199.800000000011,-1.070519353570
199.850000000011,-1.080127265361
199.900000000011,-1.088888412700
199.950000000011,-1.096795927297
200.000000000011,-1.103843610064
200.050000000011,-1.110025935980
200.100000000011,-1.115338058417
200.150000000011,-1.119775812945
200.200000000011,-1.123335720590
200.250000000011,-1.126014990567
200.300000000011,-1.127811522466
200.350000000011,-1.128723907898
200.400000000011,-1.128751431599
200.450000000011,-1.127894071993
200.500000000011,-1.126152501205
200.550000000011,-1.123528084538
200.600000000011,-1.120022879399
200.650000000011,-1.115639633691
200.700000000011,-1.110381783652
200.750000000011,-1.104253451170
200.800000000011,-1.097259440541
200.850000000011,-1.089405234712
200.900000000011,-1.080696990979
200.950000000011,-1.071141536158
201.000000000011,-1.060746361237
201.050000000011,-1.049519615500
201.100000000011,-1.037470100141
201.150000000011,-1.024607261362
201.200000000011,-1.010941182971
201.250000000012,-0.996482578473
201.300000000012,-0.981242782673
201.350000000012,-0.965233742791
201.400000000012,-0.948468009094
201.450000000012,-0.930958725058
201.500000000012,-0.912719617065
201.550000000012,-0.893764983642
201.600000000012,-0.874109684251
201.650000000012,-0.853769127639
201.700000000012,-0.832759259761
201.750000000012,-0.811096551277
201.800000000012,-0.788797984641
201.850000000012,-0.765881040788
201.900000000012,-0.742363685427
201.950000000012,-0.718264354961
202.000000000012,-0.693601942030
202.050000000012,-0.668395780702
202.100000000012,-0.642665631318
202.150000000012,-0.616431664996
202.200000000012,-0.589714447823
202.250000000012,-0.562534924727
202.300000000012,-0.534914403063
202.350000000012,-0.506874535906
202.400000000012,-0.478437305075
202.450000000012,-0.449625003902
202.500000000012,-0.420460219756
202.550000000012,-0.390965816334
202.600000000012,-0.361164915736
202.650000000012,-0.331080880344
202.700000000012,-0.300737294500
202.750000000012,-0.270157946020
202.800000000012,-0.239366807548
202.850000000012,-0.208388017760
202.900000000012,-0.177245862439
202.950000000012,-0.145964755440
203.000000000012,-0.114569219550
203.050000000012,-0.083083867260
203.100000000012,-0.051533381473
203.150000000012,-0.019942496155
203.200000000012,0.011664023059
203.250000000012,0.043261398276
203.300000000012,0.074824858773
203.350000000012,0.106329660413
203.400000000012,0.137751105045
203.450000000012,0.169064559867
203.500000000012,0.200245476733
203.550000000012,0.231269411402
203.600000000012,0.262112042698
203.650000000012,0.292749191578
203.700000000012,0.323156840086
203.750000000012,0.353311150184
203.800000000012,0.383188482437
203.850000000012,0.412765414546
203.900000000012,0.442018759713
203.950000000012,0.470925584812
204.000000000012,0.499463228373
204.050000000012,0.527609318345
204.100000000012,0.555341789636
204.150000000012,0.582638901409
204.200000000012,0.609479254126
204.250000000012,0.635841806325
204.300000000012,0.661705891116
204.350000000012,0.687051232380
204.400000000012,0.711857960669
204.450000000012,0.736106628779
204.500000000012,0.759778226995
204.550000000012,0.782854197996
204.600000000012,0.805316451405
204.650000000012,0.827147377963
204.700000000012,0.848329863344
204.750000000012,0.868847301563
204.800000000012,0.888683608001
204.850000000012,0.907823232008
204.900000000012,0.926251169100
204.950000000012,0.943952972717
205.000000000012,0.960914765554
205.050000000012,0.977123250432
205.100000000012,0.992565720731
205.150000000012,1.007230070343
205.200000000012,1.021104803171
205.250000000012,1.034179042133
205.300000000012,1.046442537698
205.350000000012,1.057885675912
205.400000000012,1.068499485940
205.450000000012,1.078275647101
205.500000000012,1.087206495383
205.550000000012,1.095285029459
205.600000000012,1.102504916173
205.650000000013,1.108860495503
205.700000000013,1.114346785001
205.750000000013,1.118959483695
205.800000000013,1.122694975468
205.850000000013,1.125550331884
205.900000000013,1.127523314491
205.950000000013,1.128612376571
206.000000000013,1.128816664355
206.050000000013,1.128136017692
206.100000000013,1.126570970175
206.150000000013,1.124122748720
206.200000000013,1.120793272607
206.250000000013,1.116585151976
206.300000000013,1.111501685777
206.350000000013,1.105546859188
206.400000000013,1.098725340487
206.450000000013,1.091042477396
206.500000000013,1.082504292885
206.550000000013,1.073117480455
206.600000000013,1.062889398886
206.650000000013,1.051828066469
206.700000000013,1.039942154722
206.750000000013,1.027240981592
206.800000000013,1.013734504147
206.850000000013,0.999433310775
206.900000000013,0.984348612878
206.950000000013,0.968492236087
207.000000000013,0.951876610989
207.050000000013,0.934514763384
207.100000000013,0.916420304069
207.150000000013,0.897607418175
207.200000000013,0.878090854041
207.250000000013,0.857885911653
207.300000000013,0.837008430651
207.350000000013,0.815474777911
207.400000000013,0.793301834714
207.450000000013,0.770506983512
207.500000000013,0.747108094299
207.550000000013,0.723123510608
207.600000000013,0.698572035122
207.650000000013,0.673472914942
207.700000000013,0.647845826492
207.750000000013,0.621710860097
207.800000000013,0.595088504231
207.850000000013,0.567999629459
207.900000000013,0.540465472070
207.950000000013,0.512507617433
208.000000000013,0.484147983075
208.050000000013,0.455408801496
208.100000000013,0.426312602743
208.150000000013,0.396882196745
208.200000000013,0.367140655434
208.250000000013,0.337111294653
208.300000000013,0.306817655884
208.350000000013,0.276283487788
208.400000000013,0.245532727589
208.450000000013,0.214589482308
208.500000000013,0.183478009863
208.550000000013,0.152222700057
208.600000000013,0.120848055451
208.650000000013,0.089378672159
208.700000000013,0.057839220567
208.750000000013,0.026254425987
208.800000000013,-0.005350950717
208.850000000013,-0.036952132550
208.900000000013,-0.068524345804
208.950000000013,-0.100042839481
209.000000000013,-0.131482904695
209.050000000013,-0.162819894047
209.100000000013,-0.194029240942
209.150000000013,-0.225086478850
209.200000000013,-0.255967260487
209.250000000013,-0.286647376903
209.300000000013,-0.317102776458
209.350000000013,-0.347309583677
209.400000000013,-0.377244117973
209.450000000013,-0.406882912202
209.500000000013,-0.436202731068
209.550000000013,-0.465180589336
209.600000000013,-0.493793769848
209.650000000013,-0.522019841337
209.700000000013,-0.549836676008
209.750000000013,-0.577222466888
209.800000000013,-0.604155744919
209.850000000013,-0.630615395791
209.900000000013,-0.656580676492
209.950000000013,-0.682031231574
210.000000000014,-0.706947109103
210.050000000014,-0.731308776309
210.100000000014,-0.755097134891
210.150000000014,-0.778293535996
210.200000000014,-0.800879794833
210.250000000014,-0.822838204932
210.300000000014,-0.844151552024
210.350000000014,-0.864803127537
210.400000000014,-0.884776741693
210.450000000014,-0.904056736202
210.500000000014,-0.922627996535
210.550000000014,-0.940475963776
210.600000000014,-0.957586646032
210.650000000014,-0.973946629406
210.700000000014,-0.989543088508
210.750000000014,-1.004363796512
210.800000000014,-1.018397134744
210.850000000014,-1.031632101785
210.900000000014,-1.044058322097
210.950000000014,-1.055666054162
211.000000000014,-1.066446198112
211.050000000014,-1.076390302866
211.100000000014,-1.085490572755
211.150000000014,-1.093739873633
211.200000000014,-1.101131738473
211.250000000014,-1.107660372429
211.300000000014,-1.113320657387
211.350000000014,-1.118108155975
211.400000000014,-1.122019115038
211.450000000014,-1.125050468584
211.500000000014,-1.127199840188
211.550000000014,-1.128465544852
211.600000000014,-1.128846590330
211.650000000014,-1.128342677900
211.700000000014,-1.126954202604
211.750000000014,-1.124682252936
211.800000000014,-1.121528609988
211.850000000014,-1.117495746054
211.900000000014,-1.112586822694
211.950000000014,-1.106805688251
212.000000000014,-1.100156874839
212.050000000014,-1.092645594788
212.100000000014,-1.084277736555
212.150000000014,-1.075059860114
212.200000000014,-1.064999191806
212.250000000014,-1.054103618682
212.300000000014,-1.042381682312
212.350000000014,-1.029842572094
212.400000000014,-1.016496118048
212.450000000014,-1.002352783110
212.500000000014,-0.987423654930
212.550000000014,-0.971720437181
212.600000000014,-0.955255440381
212.650000000014,-0.938041572244
212.700000000014,-0.920092327561
212.750000000014,-0.901421777619
212.800000000014,-0.882044559175
212.850000000014,-0.861975862975
212.900000000014,-0.841231421849
212.950000000014,-0.819827498376
213.000000000014,-0.797780872136
213.050000000014,-0.775108826554
213.100000000014,-0.751829135354
213.150000000014,-0.727960048620
213.200000000014,-0.703520278494
213.250000000014,-0.678528984503
213.300000000014,-0.653005758544
213.350000000014,-0.626970609516
213.400000000014,-0.600443947645
213.450000000014,-0.573446568472
213.500000000014,-0.545999636563
213.550000000014,-0.518124668904
213.600000000014,-0.489843518043
213.650000000014,-0.461178354954
213.700000000014,-0.432151651656
213.750000000014,-0.402786163598
213.800000000014,-0.373104911818
213.850000000014,-0.343131164898
213.900000000014,-0.312888420720
213.950000000014,-0.282400388046
214.000000000014,-0.251690967933
214.050000000014,-0.220784234992
214.100000000014,-0.189704418519
214.150000000014,-0.158475883499
214.200000000014,-0.127123111504
214.250000000014,-0.095670681500
214.300000000014,-0.064143250583
214.350000000014,-0.032565534642
214.400000000015,-0.000962288990
214.450000000015,0.030641711047
214.500000000015,0.062221689552
214.550000000015,0.093752889440
214.600000000015,0.125210591864
214.650000000015,0.156570135597
214.700000000015,0.187806936364
214.750000000015,0.218896506112
214.800000000015,0.249814472211
214.850000000015,0.280536596560
214.900000000015,0.311038794585
214.950000000015,0.341297154128
215.000000000015,0.371287954182
215.050000000015,0.400987683498
215.100000000015,0.430373059009
215.150000000015,0.459421044085
215.200000000015,0.488108866594
215.250000000015,0.516414036753
215.300000000015,0.544314364757
215.350000000015,0.571787978180
215.400000000015,0.598813339114
215.450000000015,0.625369261062
215.500000000015,0.651434925540
215.550000000015,0.676989898404
215.600000000015,0.702014145862
215.650000000015,0.726488050188
215.700000000015,0.750392425092
215.750000000015,0.773708530771
215.800000000015,0.796418088590
215.850000000015,0.818503295421
215.900000000015,0.839946837592
215.950000000015,0.860731904464
216.000000000015,0.880842201610
216.050000000015,0.900261963587
216.100000000015,0.918975966295
216.150000000015,0.936969538916
216.200000000015,0.954228575410
216.250000000015,0.970739545576
216.300000000015,0.986489505660
216.350000000015,1.001466108500
216.400000000015,1.015657613205
216.450000000015,1.029052894364
216.500000000015,1.041641450761
216.550000000015,1.053413413615
216.600000000015,1.064359554307
216.650000000015,1.074471291626
216.700000000015,1.083740698486
216.750000000015,1.092160508148
216.800000000015,1.099724119912
216.850000000015,1.106425604294
216.900000000015,1.112259707673
216.950000000015,1.117221856411
217.000000000015,1.121308160438
217.050000000015,1.124515416301
217.100000000015,1.126841109675
217.150000000015,1.128283417335
217.200000000015,1.128841208588
217.250000000015,1.128514046152
217.300000000015,1.127302186506
217.350000000015,1.125206579686
217.400000000015,1.122228868541
217.450000000015,1.118371387444
217.500000000015,1.113637160461
217.550000000015,1.108029898986
217.600000000015,1.101553998823
217.650000000015,1.094214536746
217.700000000015,1.086017266519
217.750000000015,1.076968614380
217.800000000015,1.067075674010
217.850000000015,1.056346200967
217.900000000015,1.044788606608
217.950000000015,1.032411951496
218.000000000015,1.019225938295
218.050000000015,1.005240904162
218.100000000015,0.990467812649
218.150000000015,0.974918245102
218.200000000015,0.958604391587
218.250000000015,0.941539041328
218.300000000015,0.923735572687
218.350000000015,0.905207942670
218.400000000015,0.885970675991
218.450000000015,0.866038853682
218.500000000015,0.845428101269
218.550000000015,0.824154576528
218.600000000015,0.802234956813
218.650000000015,0.779686425981
218.700000000015,0.756526660928
218.750000000015,0.732773817721
218.800000000016,0.708446517374
218.850000000016,0.683563831244
218.900000000016,0.658145266082
218.950000000016,0.632210748742
219.000000000016,0.605780610557
219.050000000016,0.578875571401
219.100000000016,0.551516723447
219.150000000016,0.523725514631
219.200000000016,0.495523731836
219.250000000016,0.466933483816
219.300000000016,0.437977183862
219.350000000016,0.408677532228
219.400000000016,0.379057498342
219.450000000016,0.349140302792
219.500000000016,0.318949399128
219.550000000016,0.288508455472
219.600000000016,0.257841335963
219.650000000016,0.226972082054
219.700000000016,0.195924893659
219.750000000016,0.164724110182
219.800000000016,0.133394191439
219.850000000016,0.101959698483
219.900000000016,0.070445274346
219.950000000016,0.038875624722
220.000000000016,0.007275498599
220.050000000016,-0.024330331142
220.100000000016,-0.055917087149
220.150000000016,-0.087460007024
220.200000000016,-0.118934362734
220.250000000016,-0.150315479995
220.300000000016,-0.181578757618
220.350000000016,-0.212699686797
220.400000000016,-0.243653870315
220.450000000016,-0.274417041679
220.500000000016,-0.304965084138
220.550000000016,-0.335274049591
220.600000000016,-0.365320177362
220.650000000016,-0.395079912825
220.700000000016,-0.424529925873
220.750000000016,-0.453647129204
220.800000000016,-0.482408696421
220.850000000016,-0.510792079929
220.900000000016,-0.538775028609
220.950000000016,-0.566335605263
221.000000000016,-0.593452203810
221.050000000016,-0.620103566226
221.100000000016,-0.646268799207
221.150000000016,-0.671927390552
221.200000000016,-0.697059225239
221.250000000016,-0.721644601196
221.300000000016,-0.745664244749
221.350000000016,-0.769099325727
221.400000000016,-0.791931472227
221.450000000016,-0.814142785015
221.500000000016,-0.835715851560
221.550000000016,-0.856633759683
221.600000000016,-0.876880110816
221.650000000016,-0.896439032855
221.700000000016,-0.915295192607
221.750000000016,-0.933433807811
221.800000000016,-0.950840658719
221.850000000016,-0.967502099253
221.900000000016,-0.983405067697
221.950000000016,-0.998537096938
222.000000000016,-1.012886324239
222.050000000016,-1.026441500543
222.100000000016,-1.039191999284
222.150000000016,-1.051127824726
222.200000000016,-1.062239619791
222.250000000016,-1.072518673403
222.300000000016,-1.081956927309
222.350000000016,-1.090546982402
222.400000000016,-1.098282104518
222.450000000016,-1.105156229719
222.500000000016,-1.111163969041
222.550000000016,-1.116300612726
222.600000000016,-1.120562133907
222.650000000016,-1.123945191770
222.700000000016,-1.126447134172
222.750000000016,-1.128065999717
222.800000000016,-1.128800519297
222.850000000016,-1.128650117088
222.900000000016,-1.127614910996
222.950000000016,-1.125695712571
223.000000000016,-1.122894026365
223.050000000016,-1.119212048757
223.100000000016,-1.114652666229
223.150000000016,-1.109219453102
223.200000000017,-1.102916668739
223.250000000017,-1.095749254199
223.300000000017,-1.087722828368
223.350000000017,-1.078843683553
223.400000000017,-1.069118780548
223.450000000017,-1.058555743180
223.500000000017,-1.047162852328
223.550000000017,-1.034949039435
223.600000000017,-1.021923879506
223.650000000017,-1.008097583598
223.700000000017,-0.993480990819
223.750000000017,-0.978085559830
223.800000000017,-0.961923359859
223.850000000017,-0.945007061244
223.900000000017,-0.927349925496
223.950000000017,-0.908965794905
224.000000000017,-0.889869081688
224.050000000017,-0.870074756691
224.100000000017,-0.849598337649
224.150000000017,-0.828455877027
224.200000000017,-0.806663949431
224.250000000017,-0.784239638616
224.300000000017,-0.761200524093
224.350000000017,-0.737564667348
224.400000000017,-0.713350597681
224.450000000017,-0.688577297684
224.500000000017,-0.663264188355
224.550000000017,-0.637431113874
224.600000000017,-0.611098326049
224.650000000017,-0.584286468437
224.700000000017,-0.557016560161
224.750000000017,-0.529309979432
224.800000000017,-0.501188446790
224.850000000017,-0.472674008077
224.900000000017,-0.443789017152
224.950000000017,-0.414556118369
225.000000000017,-0.384998228822
225.050000000017,-0.355138520383
225.100000000017,-0.325000401535
225.150000000017,-0.294607499018
225.200000000017,-0.263983639312
225.250000000017,-0.233152829954
225.300000000017,-0.202139240719
225.350000000017,-0.170967184674
225.400000000017,-0.139661099112
225.450000000017,-0.108245526402
225.500000000017,-0.076745094744
225.550000000017,-0.045184498862
225.600000000017,-0.013588480647
225.650000000017,0.018018190240
225.700000000017,0.049610735789
225.750000000017,0.081164389062
225.800000000017,0.112654413611
225.850000000017,0.144056122871
225.900000000017,0.175344899508
225.950000000017,0.206496214726
226.000000000017,0.237485647488
226.050000000017,0.268288903666
226.100000000017,0.298881835086
226.150000000017,0.329240458455
226.200000000017,0.359340974169
226.250000000017,0.389159784965
226.300000000017,0.418673514421
226.350000000017,0.447859025287
226.400000000017,0.476693437617
226.450000000017,0.505154146708
226.500000000017,0.533218840821
226.550000000017,0.560865518675
226.600000000017,0.588072506690
226.650000000017,0.614818475981
226.700000000017,0.641082459077
226.750000000017,0.666843866362
226.800000000017,0.692082502211
226.850000000017,0.716778580827
226.900000000017,0.740912741749
226.950000000017,0.764466065031
227.000000000017,0.787420086074
227.050000000017,0.809756810102
227.100000000017,0.831458726265
227.150000000017,0.852508821375
227.200000000017,0.872890593234
227.250000000017,0.892588063578
227.300000000017,0.911585790598
227.350000000017,0.929868881050
227.400000000017,0.947423001927
227.450000000017,0.964234391697
227.500000000017,0.980289871093
227.550000000017,0.995576853439
227.600000000018,1.010083354527
227.650000000018,1.023798002000
227.700000000018,1.036710044279
227.750000000018,1.048809358984
227.800000000018,1.060086460871
227.850000000018,1.070532509271
227.900000000018,1.080139315016
227.950000000018,1.088899346862
228.000000000018,1.096805737394
228.050000000018,1.103852288407
228.100000000018,1.110033475765
228.150000000018,1.115344453733
228.200000000018,1.119781058778
228.250000000018,1.123339812828
228.300000000018,1.126017926002
228.350000000018,1.127813298796
228.400000000018,1.128724523731
228.450000000018,1.128750886453
228.500000000018,1.127892366294
228.550000000018,1.126149636291
228.600000000018,1.123524062654
228.650000000018,1.120017703699
228.700000000018,1.115633308232
228.750000000018,1.110374313394
228.800000000018,1.104244841967
228.850000000018,1.097249699144
228.900000000018,1.089394368758
228.950000000018,1.080685008985
229.000000000018,1.071128447518
229.050000000018,1.060732176211
229.100000000018,1.049504345209
229.150000000018,1.037453756556
229.200000000018,1.024589857296
229.250000000018,1.010922732068
229.300000000018,0.996463095197
229.350000000018,0.981222282298
229.400000000018,0.965212241388
229.450000000018,0.948445523519
229.500000000018,0.930935272939
229.550000000018,0.912695216787
229.600000000018,0.893739654334
229.650000000018,0.874083445769
229.700000000018,0.853742000553
229.750000000018,0.832731265338
229.800000000018,0.811067711462
229.850000000018,0.788768322044
229.900000000018,0.765850578663
229.950000000018,0.742332447654
230.000000000018,0.718232366028
230.050000000018,0.693569227016
230.100000000018,0.668362365254
230.150000000018,0.642631541631
230.200000000018,0.616396927796
230.250000000018,0.589679090340
230.300000000018,0.562498974682
230.350000000018,0.534877888638
230.400000000018,0.506837485726
230.450000000018,0.478399748185
230.500000000018,0.449586969746
230.550000000018,0.420421738150
230.600000000018,0.390926917445
230.650000000018,0.361125630061
230.700000000018,0.331041238679
230.750000000018,0.300697327922
230.800000000018,0.270117685862
230.850000000018,0.239326285371
230.900000000018,0.208347265331
230.950000000018,0.177204911706
231.000000000018,0.145923638508
231.050000000018,0.114527968650
231.100000000018,0.083042514732
231.150000000018,0.051491959735
231.200000000018,0.019901037679
231.250000000018,-0.011705485770
231.300000000018,-0.043302832719
231.350000000018,-0.074866232465
231.400000000018,-0.106370940919
231.450000000018,-0.137792260004
231.500000000018,-0.169105557014
231.550000000018,-0.200286283930
231.600000000018,-0.231309996657
231.650000000018,-0.262152374195
231.700000000018,-0.292789237699
231.750000000018,-0.323196569438
231.800000000018,-0.353350531620
231.850000000018,-0.383227485083
231.900000000018,-0.412804007828
231.950000000018,-0.442056913374
232.000000000019,-0.470963268942
232.050000000019,-0.499500413430
232.100000000019,-0.527645975178
232.150000000019,-0.555377889508
232.200000000019,-0.582674416019
232.250000000019,-0.609514155632
232.300000000019,-0.635876067367
232.350000000019,-0.661739484834
232.400000000019,-0.687084132440
232.450000000019,-0.711890141278
232.500000000019,-0.736138064708
232.550000000019,-0.759808893601
232.600000000019,-0.782884071238
232.650000000019,-0.805345507863
232.700000000019,-0.827175594860
232.750000000019,-0.848357218558
232.800000000019,-0.868873773650
232.850000000019,-0.888709176206
232.900000000019,-0.907847876289
232.950000000019,-0.926274870136
233.000000000019,-0.943975711929
233.050000000019,-0.960936525114
233.100000000019,-0.977144013283
233.150000000019,-0.992585470594
233.200000000019,-1.007248791737
233.250000000019,-1.021122481418
233.300000000019,-1.034195663376
233.350000000019,-1.046458088906
233.400000000019,-1.057900144893
233.450000000019,-1.068512861352
233.500000000019,-1.078287918457
233.550000000019,-1.087217653064
233.600000000019,-1.095295064718
233.650000000019,-1.102513821142
233.700000000019,-1.108868263202
233.750000000019,-1.114353409339
233.800000000019,-1.118964959481
233.850000000019,-1.122699298407
233.900000000019,-1.125553498589
233.950000000019,-1.127525322478
234.000000000019,-1.128613224267
234.050000000019,-1.128816351095
234.100000000019,-1.128134543721
234.150000000019,-1.126568336649
234.200000000019,-1.124118957704
234.250000000019,-1.120788327073
234.300000000019,-1.116579055800
234.350000000019,-1.111494443739
234.400000000019,-1.105538476964
234.450000000019,-1.098715824650
234.500000000019,-1.091031835405
234.550000000019,-1.082492533083
234.600000000019,-1.073104612062
234.650000000019,-1.062875431988
234.700000000019,-1.051813012017
234.750000000019,-1.039926024517
234.800000000019,-1.027223788280
234.850000000019,-1.013716261207
234.900000000019,-0.999414032508
234.950000000019,-0.984328314397
235.000000000019,-0.968470933305
235.050000000019,-0.951854320607
235.100000000019,-0.934491502875
235.150000000019,-0.916396091669
235.200000000019,-0.897582272866
235.250000000019,-0.878064795534
235.300000000019,-0.857858960378
235.350000000019,-0.836980607736
235.400000000019,-0.815446105167
235.450000000019,-0.793272334620
235.500000000019,-0.770476679193
235.550000000019,-0.747077009514
235.600000000019,-0.723091669724
235.650000000019,-0.698539463103
235.700000000019,-0.673439637321
235.750000000019,-0.647811869357
235.800000000019,-0.621676250069
235.850000000019,-0.595053268443
235.900000000019,-0.567963795533
235.950000000019,-0.540429068098
236.000000000019,-0.512470671955
236.050000000019,-0.484110525054
236.100000000019,-0.455370860297
236.150000000019,-0.426274208110
236.200000000019,-0.396843378777
236.250000000019,-0.367101444562
236.300000000019,-0.337071721617
236.350000000019,-0.306777751707
236.400000000020,-0.276243283753
236.450000000020,-0.245492255214
236.500000000020,-0.214548773321
236.550000000020,-0.183437096179
236.600000000020,-0.152181613749
236.650000000020,-0.120806828728
236.700000000020,-0.089337337342
236.750000000020,-0.057797810059
236.800000000020,-0.026212972253
236.850000000020,0.005392415181
236.900000000020,0.036993575237
236.950000000020,0.068565734225
237.000000000020,0.100084141189
237.050000000020,0.131524087313
237.100000000020,0.162860925289
237.150000000020,0.194070088641
237.200000000020,0.225127110984
237.250000000020,0.256007645203
237.300000000020,0.286687482541
237.350000000020,0.317142571577
237.400000000020,0.347349037081
237.450000000020,0.377283198731
237.500000000020,0.406921589677
237.550000000020,0.436240974940
237.600000000020,0.465218369623
237.650000000020,0.493831056932
237.700000000020,0.522056605987
237.750000000020,0.549872889402
237.800000000020,0.577258100637
237.850000000020,0.604190771088
237.900000000020,0.630649786921
237.950000000020,0.656614405622
238.000000000020,0.682064272262
238.050000000020,0.706979435448
238.100000000020,0.731340362967
238.150000000020,0.755127957102
238.200000000020,0.778323569595
238.250000000020,0.800909016276
238.300000000020,0.822866591310
238.350000000020,0.844179081085
238.400000000020,0.864829777698
238.450000000020,0.884802492062
238.500000000020,0.904081566593
238.550000000020,0.922651887481
238.600000000020,0.940498896549
238.650000000020,0.957608602654
238.700000000020,0.973967592663
238.750000000020,0.989563041966
238.800000000020,1.004382724529
238.850000000020,1.018415022481
238.900000000020,1.031648935219
238.950000000020,1.044074088033
239.000000000020,1.055680740238
239.050000000020,1.066459792816
239.100000000020,1.076402795540
239.150000000020,1.085501953606
239.200000000020,1.093750133739
239.250000000020,1.101140869789
239.300000000020,1.107668367798
239.350000000020,1.113327510542
239.400000000020,1.118113861542
239.450000000020,1.122023668544
239.500000000020,1.125053866460
239.550000000020,1.127202079770
239.600000000020,1.128466624384
239.650000000020,1.128846508965
239.700000000020,1.128341435703
239.750000000020,1.126951800549
239.800000000020,1.124678692905
239.850000000020,1.121523894773
239.900000000020,1.117489879351
239.950000000020,1.112579809102
240.000000000020,1.106797533269
240.050000000020,1.100147584860
240.100000000020,1.092635177093
240.150000000020,1.084266199313
240.200000000020,1.075047212369
240.250000000020,1.064985443474
240.300000000020,1.054088780540
240.350000000020,1.042365765992
240.400000000020,1.029825590074
240.450000000020,1.016478083641
240.500000000020,1.002333710454
240.550000000020,0.987403558978
240.600000000020,0.971699333686
240.650000000020,0.955233345887
240.700000000020,0.938018504072
240.750000000020,0.920068303796
240.800000000021,0.901396817095
240.850000000021,0.882018681458
240.900000000021,0.861949088353
240.950000000021,0.841203771311
241.000000000021,0.819798993599
241.050000000021,0.797751535466
241.100000000021,0.775078680991
241.150000000021,0.751798204529
241.200000000021,0.727928356781
241.250000000021,0.703487850486
241.300000000021,0.678495845750
241.350000000021,0.652971935022
241.400000000021,0.626936127743
241.450000000021,0.600408834652
241.500000000021,0.573410851787
241.550000000021,0.545963344184
241.600000000021,0.518087829283
241.650000000021,0.489806160061
241.700000000021,0.461140507898
241.750000000021,0.432113345196
241.800000000021,0.402747427763
241.850000000021,0.373065776977
241.900000000021,0.343091661729
241.950000000021,0.312848580192
242.000000000021,0.282360241393
242.050000000021,0.251650546626
242.100000000021,0.220743570720
242.150000000021,0.189663543162
242.200000000021,0.158434829100
242.250000000021,0.127081910247
242.300000000021,0.095629365686
242.350000000021,0.064101852600
242.400000000021,0.032524086945
242.450000000021,0.000920824072
242.500000000021,-0.030683160681
242.550000000021,-0.062263091406
242.600000000021,-0.093794211058
242.650000000021,-0.125251800852
242.700000000021,-0.156611199649
242.750000000021,-0.187847823288
242.800000000021,-0.218937183854
242.850000000021,-0.249854908883
242.900000000021,-0.280576760460
242.950000000021,-0.311078654229
243.000000000021,-0.341336678266
243.050000000021,-0.371327111830
243.100000000021,-0.401026443958
243.150000000021,-0.430411391895
243.200000000021,-0.459458919346
243.250000000021,-0.488146254538
243.300000000021,-0.516450908069
243.350000000021,-0.544350690541
243.400000000021,-0.571823729953
243.450000000021,-0.598848488850
243.500000000021,-0.625403781204
243.550000000021,-0.651468789027
243.600000000021,-0.677023078688
243.650000000021,-0.702046616932
243.700000000021,-0.726519786587
243.750000000021,-0.750423401942
243.800000000021,-0.773738723786
243.850000000021,-0.796447474102
243.900000000021,-0.818531850393
243.950000000021,-0.839974539637
244.000000000021,-0.860758731866
244.050000000021,-0.880868133338
244.100000000021,-0.900286979311
244.150000000021,-0.919000046405
244.200000000021,-0.936992664533
244.250000000021,-0.954250728406
244.300000000021,-0.970760708584
244.350000000021,-0.986509662089
244.400000000021,-1.001485242548
244.450000000021,-1.015675709872
244.500000000021,-1.029069939464
244.550000000021,-1.041657430931
244.600000000021,-1.053428316327
244.650000000021,-1.064373367878
244.700000000021,-1.074484005227
244.750000000021,-1.083752302151
244.800000000021,-1.092170992780
244.850000000021,-1.099733477291
244.900000000021,-1.106433827084
244.950000000021,-1.112266789429
245.000000000021,-1.117227791581
245.050000000021,-1.121312944368
245.100000000021,-1.124519045241
245.150000000021,-1.126843580781
245.200000000022,-1.128284728670
245.250000000022,-1.128841359122
245.300000000022,-1.128513035768
245.350000000022,-1.127300015997
245.400000000022,-1.125203250753
245.450000000022,-1.122224383794
245.500000000022,-1.118365750398
245.550000000022,-1.113630375536
245.600000000022,-1.108021971500
245.650000000022,-1.101544934991
245.700000000022,-1.094204343675
245.750000000022,-1.086005952198
245.800000000022,-1.076956187680
245.850000000022,-1.067062144672
245.900000000022,-1.056331579598
245.950000000022,-1.044772904671
246.000000000022,-1.032395181299
246.050000000022,-1.019208112985
246.100000000022,-1.005222037714
246.150000000022,-0.990447919853
246.200000000022,-0.974897341554
246.250000000022,-0.958582493673
246.300000000022,-0.941516166216
246.350000000022,-0.923711738308
246.400000000022,-0.905183167711
246.450000000022,-0.885944979873
246.500000000022,-0.866012256550
246.550000000022,-0.845400623974
246.600000000022,-0.824126240610
246.650000000022,-0.802205784486
246.700000000022,-0.779656440116
246.750000000022,-0.756495885030
246.800000000022,-0.732742275919
246.850000000022,-0.708414234394
246.900000000022,-0.683530832394
246.950000000022,-0.658111577232
247.000000000022,-0.632176396302
247.050000000022,-0.605745621458
247.100000000022,-0.578839973072
247.150000000022,-0.551480543796
247.200000000022,-0.523688782020
247.250000000022,-0.495486475063
247.300000000022,-0.466895732088
247.350000000022,-0.437938966773
247.400000000022,-0.408638879740
247.450000000022,-0.379018440755
247.500000000022,-0.349100870726
247.550000000022,-0.318909623496
247.600000000022,-0.288468367455
247.650000000022,-0.257800966989
247.700000000022,-0.226931463770
247.750000000022,-0.195884057907
247.800000000022,-0.164683088975
247.850000000022,-0.133353016937
247.900000000022,-0.101918402964
247.950000000022,-0.070403890183
248.000000000022,-0.038834184359
248.050000000022,-0.007234034523
248.100000000022,0.024371786426
248.150000000022,0.055958501142
248.200000000022,0.087501347260
248.250000000022,0.118975596803
248.300000000022,0.150356575573
248.350000000022,0.181619682488
248.400000000022,0.212740408875
248.450000000022,0.243694357677
248.500000000022,0.274457262586
248.550000000022,0.305005007058
248.600000000022,0.335313643227
248.650000000022,0.365359410674
248.700000000022,0.395118755058
248.750000000022,0.424568346575
248.800000000022,0.453685098255
248.850000000022,0.482446184055
248.900000000022,0.510829056759
248.950000000022,0.538811465646
249.000000000022,0.566371473942
249.050000000022,0.593487476013
249.100000000022,0.620138214300
249.150000000022,0.646302795991
249.200000000022,0.671960709393
249.250000000022,0.697091840018
249.300000000022,0.721676486344
249.350000000022,0.745695375270
249.400000000022,0.769129677216
249.450000000022,0.791961020889
249.500000000022,0.814171507687
249.550000000022,0.835743725725
249.600000000023,0.856660763488
249.650000000023,0.876906223091
249.700000000023,0.896464233130
249.750000000023,0.915319461127
249.800000000023,0.933457125549
249.850000000023,0.950863007397
249.900000000023,0.967523461350
249.950000000023,0.983425426466
250.000000000023,0.998556436418
250.050000000023,1.012904629271
250.100000000023,1.026458756775
250.150000000023,1.039208193189
250.200000000023,1.051142943607
250.250000000023,1.062253651798
250.300000000023,1.072531607534
250.350000000023,1.081968753425
250.400000000023,1.090557691232
250.450000000023,1.098291687667
250.500000000023,1.105164679673
250.550000000023,1.111171279177
250.600000000023,1.116306777312
250.650000000023,1.120567148112
250.700000000023,1.123949051662
250.750000000023,1.126449836725
250.800000000023,1.128067542812
250.850000000023,1.128800901726
250.900000000023,1.128649338549
250.950000000023,1.127612972101
251.000000000023,1.125692614839
251.050000000023,1.122889772225
251.100000000023,1.119206641544
251.150000000023,1.114646110181
251.200000000023,1.109211753361
251.250000000023,1.102907831339
251.300000000023,1.095739286069
251.350000000023,1.087711737322
251.400000000023,1.078831478286
251.450000000023,1.069105470628
251.500000000023,1.058541339042
251.550000000023,1.047147365263
251.600000000023,1.034932481586
251.650000000023,1.021906263852
251.700000000023,1.008078923949
251.750000000023,0.993461301803
251.800000000023,0.978064856882
251.850000000023,0.961901659210
251.900000000023,0.944984379906
251.950000000023,0.927326281249
252.000000000023,0.908941206286
252.050000000023,0.889843567973
252.100000000023,0.870048337881
252.150000000023,0.849571034456
252.200000000023,0.828427710854
252.250000000023,0.806634942360
252.300000000023,0.784209813386
252.350000000023,0.761169904086
252.400000000023,0.737533276568
252.450000000023,0.713318460738
252.500000000023,0.688544439771
252.550000000023,0.663230635230
252.600000000023,0.637396891842
252.650000000023,0.611063461938
252.700000000023,0.584250989579
252.750000000023,0.556980494369
252.800000000023,0.529273354980
252.850000000023,0.501151292390
252.900000000023,0.472636352856
252.950000000023,0.443750890630
253.000000000023,0.414517550434
253.050000000023,0.384959249711
253.100000000023,0.355099160653
253.150000000023,0.324960692042
253.200000000023,0.294567470892
253.250000000023,0.263943323933
253.300000000023,0.233112258927
253.350000000023,0.202098445851
253.400000000023,0.170926197944
253.450000000023,0.139619952653
253.500000000023,0.108204252470
253.550000000023,0.076703725695
253.600000000023,0.045143067129
253.650000000023,0.013547018710
253.700000000023,-0.018059649878
253.750000000023,-0.049652160626
253.800000000023,-0.081205746622
253.850000000023,-0.112695671473
253.900000000023,-0.144097248689
253.950000000023,-0.175385861043
254.000000000024,-0.206536979866
254.050000000024,-0.237526184275
254.100000000024,-0.268329180321
254.150000000024,-0.298921820034
254.200000000024,-0.329280120351
254.250000000024,-0.359380281919
254.300000000024,-0.389198707754
254.350000000024,-0.418712021736
254.400000000024,-0.447897086940
254.450000000024,-0.476731023769
254.500000000024,-0.505191227894
254.550000000024,-0.533255387972
254.600000000024,-0.560901503139
254.650000000024,-0.588107900257
254.700000000024,-0.614853250904
254.750000000024,-0.641116588095
254.800000000024,-0.666877322719
254.850000000024,-0.692115259679
254.900000000024,-0.716810613726
254.950000000024,-0.740944024967
255.000000000024,-0.764496574043
255.050000000024,-0.787449796963
255.100000000024,-0.809785699575
255.150000000024,-0.831486771676
255.200000000024,-0.852536000737
255.250000000024,-0.872916885240
255.300000000024,-0.892613447616
255.350000000024,-0.911610246769
255.400000000024,-0.929892390180
255.450000000024,-0.947445545587
255.500000000024,-0.964255952215
255.550000000024,-0.980310431564
255.600000000024,-0.995596397748
255.650000000024,-1.010101867349
255.700000000024,-1.023815468825
255.750000000024,-1.036726451412
255.800000000024,-1.048824693563
255.850000000024,-1.060100710874
255.900000000024,-1.070545663527
255.950000000024,-1.080151363213
256.000000000024,-1.088910279555
256.050000000024,-1.096815546012
256.100000000024,-1.103860965260
256.150000000024,-1.110041014052
256.200000000024,-1.115350847544
256.250000000024,-1.119786303100
256.300000000024,-1.123343903550
256.350000000024,-1.126020859917
256.400000000024,-1.127815073605
256.450000000024,-1.128725138042
256.500000000024,-1.128750339783
256.550000000024,-1.127890659074
256.600000000024,-1.126146769857
256.650000000024,-1.123520039255
256.700000000024,-1.120012526488
256.750000000024,-1.115626981268
256.800000000024,-1.110366841637
256.850000000024,-1.104236231275
256.900000000024,-1.097239956267
256.950000000024,-1.089383501333
257.000000000024,-1.080673025533
257.050000000024,-1.071115357433
257.100000000024,-1.060717989755
257.150000000024,-1.049489073503
257.200000000024,-1.037437411572
257.250000000024,-1.024572451848
257.300000000024,-1.010904279801
257.350000000024,-0.996443610576
257.400000000024,-0.981201780599
257.450000000024,-0.965190738683
257.500000000024,-0.948423036665
257.550000000024,-0.930911819564
257.600000000024,-0.912670815278
257.650000000024,-0.893714323820
257.700000000024,-0.874057206108
257.750000000024,-0.853714872316
257.800000000024,-0.832703269791
257.850000000024,-0.811038870554
257.900000000024,-0.788738658383
257.950000000024,-0.765820115504
258.000000000024,-0.742301208879
258.050000000024,-0.718200376127
258.100000000024,-0.693536511066
258.150000000024,-0.668328948904
258.200000000024,-0.642597451078
258.250000000024,-0.616362189764
258.300000000024,-0.589643732063
258.350000000024,-0.562463023878
258.400000000024,-0.534841373491
258.450000000024,-0.506800434862
258.500000000024,-0.478362190651
258.550000000025,-0.449548934983
258.600000000025,-0.420383255977
258.650000000025,-0.390888018030
258.700000000025,-0.361086343898
258.750000000025,-0.331001596567
258.800000000025,-0.300657360939
258.850000000025,-0.270077425339
258.900000000025,-0.239285762871
258.950000000025,-0.208306512621
259.000000000025,-0.177163960735
259.050000000025,-0.145882521378
259.100000000025,-0.114486717596
259.150000000025,-0.083001162092
259.200000000025,-0.051450537928
259.250000000025,-0.019859579177
259.300000000025,0.011746948466
259.350000000025,0.043344267104
259.400000000025,0.074907606056
259.450000000025,0.106412221282
259.500000000025,0.137833414776
259.550000000025,0.169146553934
259.600000000025,0.200327090857
259.650000000025,0.231350581601
259.700000000025,0.262192705339
259.750000000025,0.292829283426
259.800000000025,0.323236298353
259.850000000025,0.353389912578
259.900000000025,0.383266487213
259.950000000025,0.412842600552
260.000000000025,0.442095066439
260.050000000025,0.471000952437
260.100000000025,0.499537597813
260.150000000025,0.527682631300
260.200000000025,0.555413988631
260.250000000025,0.582709929843
260.300000000025,0.609549056316
260.350000000025,0.635910327551
260.400000000025,0.661773077660
260.450000000025,0.687117031572
260.500000000025,0.711922320926
260.550000000025,0.736169499645
260.600000000025,0.759839559182
260.650000000025,0.782913943424
260.700000000025,0.805374563236
260.750000000025,0.827203810641
260.800000000025,0.848384572627
260.850000000025,0.868900244564
260.900000000025,0.888734743213
260.950000000025,0.907872519345
261.000000000025,0.926298569923
261.050000000025,0.943998449867
261.100000000025,0.960958283378
261.150000000025,0.977164774815
261.200000000025,0.992605219119
261.250000000025,1.007267511772
261.300000000025,1.021140158289
261.350000000025,1.034212283224
261.400000000025,1.046473638701
261.450000000025,1.057914612446
261.500000000025,1.068526235322
261.550000000025,1.078300188358
261.600000000025,1.087228809278
261.650000000025,1.095305098499
261.700000000025,1.102522724624
261.750000000025,1.108876029404
261.800000000025,1.114360032174
261.850000000025,1.118970433756
261.900000000025,1.122703619832
261.950000000025,1.125556663775
262.000000000025,1.127527328944
262.050000000025,1.128614070440
262.100000000025,1.128816036311
262.150000000025,1.128133068229
262.200000000025,1.126565701603
262.250000000025,1.124115165171
262.300000000025,1.120783380026
262.350000000025,1.116572958117
262.400000000025,1.111487200201
262.450000000025,1.105530093249
262.500000000025,1.098706307330
262.550000000025,1.091021191942
262.600000000025,1.082480771821
262.650000000025,1.073091742220
262.700000000025,1.062861463657
262.750000000025,1.051797956145
262.800000000025,1.039909892910
262.850000000025,1.027206593582
262.900000000025,1.013698016899
262.950000000026,0.999394752892
263.000000000026,0.984308014588
263.050000000026,0.968449629216
263.100000000026,0.951832028940
263.150000000026,0.934468241105
263.200000000026,0.916371878033
263.250000000026,0.897557126345
263.300000000026,0.878038735843
263.350000000026,0.857832007945
263.400000000026,0.836952783691
263.450000000026,0.815417431323
263.500000000026,0.793242833455
263.550000000026,0.770446373835
263.600000000026,0.747045923720
263.650000000026,0.723059827865
263.700000000026,0.698506890140
263.750000000026,0.673406358791
263.800000000026,0.647777911348
263.850000000026,0.621641639202
263.900000000026,0.595018031851
263.950000000026,0.567927960840
264.000000000026,0.540392663397
264.050000000026,0.512433725785
264.100000000026,0.484073066379
264.150000000026,0.455332918483
264.200000000026,0.426235812901
264.250000000026,0.396804560273
264.300000000026,0.367062233195
264.350000000026,0.337032148126
264.400000000026,0.306737847117
264.450000000026,0.276203079346
264.500000000026,0.245451782508
264.550000000026,0.214508064045
264.600000000026,0.183396182246
264.650000000026,0.152140527235
264.700000000026,0.120765601842
264.750000000026,0.089296002404
264.800000000026,0.057756399473
264.850000000026,0.026171518483
264.900000000026,-0.005433879637
264.950000000026,-0.037035017873
265.000000000026,-0.068607122552
265.050000000026,-0.100125442762
265.100000000026,-0.131565269752
265.150000000026,-0.162901956310
265.200000000026,-0.194110936078
265.250000000026,-0.225167742815
265.300000000026,-0.256048029574
265.350000000026,-0.286727587793
265.400000000026,-0.317182366269
265.450000000026,-0.347388490016
265.500000000026,-0.377322278980
265.550000000026,-0.406960266604
265.600000000026,-0.436279218223
265.650000000026,-0.465256149282
265.700000000026,-0.493868343349
265.750000000026,-0.522093369932
265.800000000026,-0.549909102054
265.850000000026,-0.577293733607
265.900000000026,-0.604225796441
265.950000000026,-0.630684177199
266.000000000026,-0.656648133867
266.050000000026,-0.682097312030
266.100000000026,-0.707011760838
266.150000000026,-0.731371948639
266.200000000026,-0.755158778293
266.250000000026,-0.778353602144
266.300000000026,-0.800938236638
266.350000000026,-0.822894976578
266.400000000026,-0.844206609006
266.450000000026,-0.864856426692
266.500000000026,-0.884828241238
266.550000000026,-0.904106395764
266.600000000026,-0.922675777183
266.650000000026,-0.940521828053
266.700000000026,-0.957630557983
266.750000000026,-0.973988554606
266.800000000026,-0.989582994089
266.850000000026,-1.004401651191
266.900000000026,-1.018432908845
266.950000000026,-1.031665767262
267.000000000026,-1.044089852559
267.050000000026,-1.055695424890
267.100000000026,-1.066473386081
267.150000000026,-1.076415286762
267.200000000026,-1.085513332992
267.250000000026,-1.093760392369
267.300000000027,-1.101149999621
267.350000000027,-1.107676361674
267.400000000027,-1.113334362194
267.450000000027,-1.118119565600
267.500000000027,-1.122028220536
267.550000000027,-1.125057262817
267.600000000027,-1.127204317830
267.650000000027,-1.128467702394
267.700000000027,-1.128846426078
267.750000000027,-1.128340191984
267.800000000027,-1.126949396973
267.850000000027,-1.124675131358
267.900000000027,-1.121519178045
267.950000000027,-1.117484011141
268.000000000027,-1.112572794009
268.050000000027,-1.106789376793
268.100000000027,-1.100138293396
268.150000000027,-1.092624757925
268.200000000027,-1.084254660608
268.250000000027,-1.075034563173
268.300000000027,-1.064971693704
268.350000000027,-1.054073940975
268.400000000027,-1.042349848266
268.450000000027,-1.029808606664
268.500000000027,-1.016460047862
268.550000000027,-1.002314636446
268.600000000027,-0.987383461693
268.650000000027,-0.971678228880
268.700000000027,-0.955211250105
268.750000000027,-0.937995434635
268.800000000027,-0.920044278789
268.850000000027,-0.901371855353
268.900000000027,-0.881992802551
268.950000000027,-0.861922312567
269.000000000027,-0.841176119638
269.050000000027,-0.819770487716
269.100000000027,-0.797722197721
269.150000000027,-0.775048534381
269.200000000027,-0.751767272689
269.250000000027,-0.727896663960
269.300000000027,-0.703455421530
269.350000000027,-0.678462706080
269.400000000027,-0.652938110620
269.450000000027,-0.626901645124
269.500000000027,-0.600373720849
269.550000000027,-0.573375134327
269.600000000027,-0.545927051068
269.650000000027,-0.518050988964
269.700000000027,-0.489768801419
269.750000000027,-0.461102660220
269.800000000027,-0.432075038152
269.850000000027,-0.402708691386
269.900000000027,-0.373026641632
269.950000000027,-0.343052158098
270.000000000027,-0.312808739243
270.050000000027,-0.282320094358
270.100000000027,-0.251610124980
270.150000000027,-0.220702906151
270.200000000027,-0.189622667548
270.250000000027,-0.158393774487
270.300000000027,-0.127040708819
270.350000000027,-0.095588049742
270.400000000027,-0.064060454531
270.450000000027,-0.032482639204
270.500000000027,-0.000879359152
270.550000000027,0.030724610273
270.600000000027,0.062304493177
270.650000000027,0.093835532549
270.700000000027,0.125293009670
270.750000000027,0.156652263489
270.800000000027,0.187888709958
270.850000000027,0.218977861301
270.900000000027,0.249895345217
270.950000000027,0.280616923982
271.000000000027,0.311118513452
271.050000000027,0.341376201943
271.100000000027,0.371366268977
271.150000000027,0.401065203877
271.200000000027,0.430449724200
271.250000000027,0.459496793987
271.300000000027,0.488183641823
271.350000000027,0.516487778689
271.400000000027,0.544387015590
271.450000000027,0.571859480955
271.500000000027,0.598883637777
271.550000000027,0.625438300502
271.600000000027,0.651502651634
271.650000000027,0.677056258058
271.700000000028,0.702079087054
271.750000000028,0.726551522006
271.800000000028,0.750454377779
271.850000000028,0.773768915758
271.900000000028,0.796476858540
271.950000000028,0.818560404260
272.000000000028,0.840002240549
272.050000000028,0.860785558107
272.100000000028,0.880894063877
272.150000000028,0.900311993820
272.200000000028,0.919024125274
272.250000000028,0.937015788887
272.300000000028,0.954272880114
272.350000000028,0.970781870282
272.400000000028,0.986529817187
272.450000000028,1.001504375245
272.500000000028,1.015693805169
272.550000000028,1.029086983175
272.600000000028,1.041673409695
272.650000000028,1.053443217617
272.700000000028,1.064387180014
272.750000000028,1.074496717379
272.800000000028,1.083763904354
272.850000000028,1.092181475938
272.900000000028,1.099742833186
272.950000000028,1.106442048382
273.000000000028,1.112273869684
273.050000000028,1.117233725243
273.100000000028,1.121317726786
273.150000000028,1.124522672665
273.200000000028,1.126846050366
273.250000000028,1.128286038482
273.300000000028,1.128841508134
273.350000000028,1.128512023862
273.400000000028,1.127297843967
273.450000000028,1.125199920302
273.500000000028,1.122219897532
273.550000000028,1.118360111842
273.600000000028,1.113623589108
273.650000000028,1.108014042519
273.700000000028,1.101535869673
273.750000000028,1.094194149127
273.800000000028,1.085994636412
273.850000000028,1.076943759526
273.900000000028,1.067048613894
273.950000000028,1.056316956804
274.000000000028,1.044757201323
274.050000000028,1.032378409709
274.100000000028,1.019190286301
274.150000000028,1.005203169911
274.200000000028,0.990428025722
274.250000000028,0.974876436690
274.300000000028,0.958560594466
274.350000000028,0.941493289833
274.400000000028,0.923687902684
274.450000000028,0.905158391530
274.500000000028,0.885919282560
274.550000000028,0.865985658249
274.600000000028,0.845373145538
274.650000000028,0.824097903581
274.700000000028,0.802176611077
274.750000000028,0.779626453198
274.800000000028,0.756465108112
274.850000000028,0.732710733128
274.900000000028,0.708381950458
274.950000000028,0.683497832622
275.000000000028,0.658077887494
275.050000000028,0.632142043009
275.100000000028,0.605710631541
275.150000000028,0.578804373962
275.200000000028,0.551444363401
275.250000000028,0.523652048703
275.300000000028,0.495449217621
275.350000000028,0.466857979729
275.400000000028,0.437900749093
275.450000000028,0.408600226700
275.500000000028,0.378979382657
275.550000000028,0.349061438189
275.600000000028,0.318869847433
275.650000000028,0.288428279049
275.700000000028,0.257760597667
275.750000000028,0.226890845180
275.800000000028,0.195843221891
275.850000000028,0.164642067547
275.900000000028,0.133311842255
275.950000000028,0.101877107307
276.000000000028,0.070362505926
276.050000000028,0.038792743943
276.100000000029,0.007192570436
276.150000000029,-0.024413241677
276.200000000029,-0.055999915060
276.250000000029,-0.087542687378
276.300000000029,-0.119016830712
276.350000000029,-0.150397670947
276.400000000029,-0.181660607112
276.450000000029,-0.212781130665
276.500000000029,-0.243734844711
276.550000000029,-0.274497483122
276.600000000029,-0.305044929567
276.650000000029,-0.335353236411
276.700000000029,-0.365398643494
276.750000000029,-0.395157596757
276.800000000029,-0.424606766703
276.850000000029,-0.453723066694
276.900000000029,-0.482483671039
276.950000000029,-0.510866032899
277.000000000029,-0.538847901956
277.050000000029,-0.566407341858
277.100000000029,-0.593522747414
277.150000000029,-0.620172861538
277.200000000029,-0.646336791903
277.250000000029,-0.671994027328
277.300000000029,-0.697124453856
277.350000000029,-0.721708370518
277.400000000029,-0.745726504784
277.450000000029,-0.769160027666
277.500000000029,-0.791990568483
277.550000000029,-0.814200229260
277.600000000029,-0.835771598761
277.650000000029,-0.856687766136
277.700000000029,-0.876932334183
277.750000000029,-0.896489432195
277.800000000029,-0.915343728412
277.850000000029,-0.933480442028
277.900000000029,-0.950885354792
277.950000000029,-0.967544822141
278.000000000029,-0.983445783908
278.050000000029,-0.998575774552
278.100000000029,-1.012922932935
278.150000000029,-1.026476011622
278.200000000029,-1.039224385691
278.250000000029,-1.051158061071
278.300000000029,-1.062267682371
278.350000000029,-1.072544540218
278.400000000029,-1.081980578081
278.450000000029,-1.090568398590
278.500000000029,-1.098301269333
278.550000000029,-1.105173128136
278.600000000029,-1.111178587814
278.650000000029,-1.116312940393
278.700000000029,-1.120572160804
278.750000000029,-1.123952910037
278.800000000029,-1.126452537758
278.850000000029,-1.128069084386
278.900000000029,-1.128801282631
278.950000000029,-1.128648558488
279.000000000029,-1.127611031685
279.050000000029,-1.125689515588
279.100000000029,-1.122885516570
279.150000000029,-1.119201232821
279.200000000029,-1.114639552630
279.250000000029,-1.109204052122
279.300000000029,-1.102898992451
279.350000000029,-1.095729316460
279.400000000029,-1.087700644808
279.450000000029,-1.078819271563
279.500000000029,-1.069092159266
279.550000000029,-1.058526933475
279.600000000029,-1.047131876786
279.650000000029,-1.034915922340
279.700000000029,-1.021888646819
279.750000000029,-1.008060262940
279.800000000029,-0.993441611447
279.850000000029,-0.978044152615
279.900000000029,-0.961879957264
279.950000000029,-0.944961697293
280.000000000029,-0.927302635752
280.050000000029,-0.908916616441
280.100000000029,-0.889818053058
280.150000000029,-0.870021917898
280.200000000029,-0.849543730116
280.250000000029,-0.828399543564
280.300000000029,-0.806605934200
280.350000000029,-0.784179987098
280.400000000029,-0.761139283052
280.450000000029,-0.737501884794
280.500000000030,-0.713286322832
280.550000000030,-0.688511580928
280.600000000030,-0.663197081211
280.650000000030,-0.637362668950
280.700000000030,-0.611028597003
280.750000000030,-0.584215509933
280.800000000030,-0.556944427826
280.850000000030,-0.529236729815
280.900000000030,-0.501114137315
280.950000000030,-0.472598696998
281.000000000030,-0.443712763509
281.050000000030,-0.414478981941
281.100000000030,-0.384920270081
281.150000000030,-0.355059800444
281.200000000030,-0.324920982110
281.250000000030,-0.294527442369
281.300000000030,-0.263903008198
281.350000000030,-0.233071687586
281.400000000030,-0.202057650709
281.450000000030,-0.170885210983
281.500000000030,-0.139578806005
281.550000000030,-0.108162978392
281.600000000030,-0.076662356544
281.650000000030,-0.045101635335
281.700000000030,-0.013505556754
281.750000000030,0.018101109492
281.800000000030,0.049693585395
281.850000000030,0.081247104073
281.900000000030,0.112736929182
281.950000000030,0.144138374313
282.000000000030,0.175426822342
282.050000000030,0.206577744727
282.100000000030,0.237566720741
282.150000000030,0.268369456614
282.200000000030,0.298961804579
282.250000000030,0.329319781803
282.300000000030,0.359419589185
282.350000000030,0.389237630018
282.400000000030,0.418750528487
282.450000000030,0.447935147989
282.500000000030,0.476768609279
282.550000000030,0.505228308399
282.600000000030,0.533291934403
282.650000000030,0.560937486846
282.700000000030,0.588143293030
282.750000000030,0.614888024997
282.800000000030,0.641150716247
282.850000000030,0.666910778176
282.900000000030,0.692148016213
282.950000000030,0.716842645658
283.000000000030,0.740975307185
283.050000000030,0.764527082024
283.100000000030,0.787479506790
283.150000000030,0.809814587957
283.200000000030,0.831514815965
283.250000000030,0.852563178949
283.300000000030,0.872943176068
283.350000000030,0.892638830450
283.400000000030,0.911634701709
283.450000000030,0.929915898056
283.500000000030,0.947468087969
283.550000000030,0.964277511431
283.600000000030,0.980330990714
283.650000000030,0.995615940713
283.700000000030,1.010120378809
283.750000000030,1.023832934267
283.800000000030,1.036742857146
283.850000000030,1.048840026726
283.900000000030,1.060114959447
283.950000000030,1.070558816339
284.000000000030,1.080163409952
284.050000000030,1.088921210779
284.100000000030,1.096825353150
284.150000000030,1.103869640625
284.200000000030,1.110048550841
284.250000000030,1.115357239850
284.300000000030,1.119791545911
284.350000000030,1.123347992756
284.400000000030,1.126023792313
284.450000000030,1.127816846892
284.500000000030,1.128725750829
284.550000000030,1.128749791591
284.600000000030,1.127888950331
284.650000000030,1.126143901904
284.700000000030,1.123516014340
284.750000000030,1.120007347766
284.800000000030,1.115620652799
284.850000000030,1.110359368382
284.900000000031,1.104227619093
284.950000000031,1.097230211909
285.000000000031,1.089372632439
285.050000000031,1.080661040623
285.100000000031,1.071102265902
285.150000000031,1.060703801867
285.200000000031,1.049473800380
285.250000000031,1.037421065188
285.300000000031,1.024555045018
285.350000000031,1.010885826169
285.400000000031,0.996424124611
285.450000000031,0.981181277576
285.500000000031,0.965169234675
285.550000000031,0.948400548531
285.600000000031,0.930888364933
285.650000000031,0.912646412538
285.700000000031,0.893688992100
285.750000000031,0.874030965268
285.800000000031,0.853687742927
285.850000000031,0.832675273121
285.900000000031,0.811010028550
285.950000000031,0.788708993657
286.000000000031,0.765789651311
286.050000000031,0.742269969102
286.100000000031,0.718168385256
286.150000000031,0.693503794181
286.200000000031,0.668295531653
286.250000000031,0.642563359657
286.300000000031,0.616327450900
286.350000000031,0.589608372990
286.400000000031,0.562427072314
286.450000000031,0.534804857622
286.500000000031,0.506763383314
286.550000000031,0.478324632470
286.600000000031,0.449510899614
286.650000000031,0.420344773236
286.700000000031,0.390849118087
286.750000000031,0.361047057248
286.800000000031,0.330961954009
286.850000000031,0.300617393550
286.900000000031,0.270037164452
286.950000000031,0.239245240048
287.000000000031,0.208265759630
287.050000000031,0.177123009525
287.100000000031,0.145841404051
287.150000000031,0.114445466388
287.200000000031,0.082959809340
287.250000000031,0.051409116051
287.300000000031,0.019818120648
287.350000000031,-0.011788411146
287.400000000031,-0.043385701430
287.450000000031,-0.074948979546
287.500000000031,-0.106453501501
287.550000000031,-0.137874569363
287.600000000031,-0.169187550625
287.650000000031,-0.200367897513
287.700000000031,-0.231391166232
287.750000000031,-0.262233036129
287.800000000031,-0.292869328757
287.850000000031,-0.323276026832
287.900000000031,-0.353429293060
287.950000000031,-0.383305488825
288.000000000031,-0.412881192719
288.050000000031,-0.442133218907
288.100000000031,-0.471038635297
288.150000000031,-0.499574781523
288.200000000031,-0.527719286709
288.250000000031,-0.555450087004
288.300000000031,-0.582745442880
288.350000000031,-0.609583956178
288.400000000031,-0.635944586877
288.450000000031,-0.661806669593
288.500000000031,-0.687149929778
288.550000000031,-0.711954499613
288.600000000031,-0.736200933588
288.650000000031,-0.759870223738
288.700000000031,-0.782943814554
288.750000000031,-0.805403617521
288.800000000031,-0.827232025305
288.850000000031,-0.848411925552
288.900000000031,-0.868926714305
288.950000000031,-0.888760309021
289.000000000031,-0.907897161176
289.050000000031,-0.926322268460
289.100000000031,-0.944021186531
289.150000000031,-0.960980040345
289.200000000031,-0.977185535028
289.250000000031,-0.992624966304
289.300000000032,-1.007286230448
289.350000000032,-1.021157833781
289.400000000032,-1.034228901676
289.450000000032,-1.046489187085
289.500000000032,-1.057929078573
289.550000000032,-1.068539607850
289.600000000032,-1.078312456805
289.650000000032,-1.087239964025
289.700000000032,-1.095315130802
289.750000000032,-1.102531626618
289.800000000032,-1.108883794111
289.850000000032,-1.114366653506
289.900000000032,-1.118975906522
289.950000000032,-1.122707939742
290.000000000032,-1.125559827442
290.050000000032,-1.127529333889
290.100000000032,-1.128614915090
290.150000000032,-1.128815720005
290.200000000032,-1.128131591214
290.250000000032,-1.126563065038
290.300000000032,-1.124111371121
290.350000000032,-1.120778431467
290.400000000032,-1.116566858928
290.450000000032,-1.111479955163
290.500000000032,-1.105521708043
290.550000000032,-1.098696788528
290.600000000032,-1.091010547007
290.650000000032,-1.082469009098
290.700000000032,-1.073078870930
290.750000000032,-1.062847493891
290.800000000032,-1.051782898855
290.850000000032,-1.039893759899
290.900000000032,-1.027189397499
290.950000000032,-1.013679771223
291.000000000032,-0.999375471928
291.050000000032,-0.984287713450
291.100000000032,-0.968428323821
291.150000000032,-0.951809735988
291.200000000032,-0.934444978074
291.250000000032,-0.916347663160
291.300000000032,-0.897531978613
291.350000000032,-0.878012674966
291.400000000032,-0.857805054354
291.450000000032,-0.836924958516
291.500000000032,-0.815388756378
291.550000000032,-0.793213331219
291.600000000032,-0.770416067437
291.650000000032,-0.747014836919
291.700000000032,-0.723027985031
291.750000000032,-0.698474316235
291.800000000032,-0.673373079352
291.850000000032,-0.647743952465
291.900000000032,-0.621607027496
291.950000000032,-0.594982794457
292.000000000032,-0.567892125382
292.050000000032,-0.540356257968
292.100000000032,-0.512396778924
292.150000000032,-0.484035607051
292.200000000032,-0.455294976055
292.250000000032,-0.426197417117
292.300000000032,-0.396765741234
292.350000000032,-0.367023021333
292.400000000032,-0.336992574181
292.450000000032,-0.306697942112
292.500000000032,-0.276162874566
292.550000000032,-0.245411309471
292.600000000032,-0.214467354479
292.650000000032,-0.183355268067
292.700000000032,-0.152099440515
292.750000000032,-0.120724374793
292.800000000032,-0.089254667345
292.850000000032,-0.057714988809
292.900000000032,-0.026130064678
292.950000000032,0.005475344086
293.000000000032,0.037076460460
293.050000000032,0.068648510788
293.100000000032,0.100166744200
293.150000000032,0.131606452015
293.200000000032,0.162942987112
293.250000000032,0.194151783254
293.300000000032,0.225208374341
293.350000000032,0.256088413599
293.400000000032,0.286767692657
293.450000000032,0.317222160533
293.500000000032,0.347427942482
293.550000000032,0.377361358720
293.600000000032,0.406998942981
293.650000000032,0.436317460918
293.700000000033,0.465293928313
293.750000000033,0.493905629100
293.800000000033,0.522130133173
293.850000000033,0.549945313964
293.900000000033,0.577329365798
293.950000000033,0.604260820979
294.000000000033,0.630718566627
294.050000000033,0.656681861225
294.100000000033,0.682130350878
294.150000000033,0.707044085275
294.200000000033,0.731403533324
294.250000000033,0.755189598465
294.300000000033,0.778383633642
294.350000000033,0.800967455919
294.400000000033,0.822923360736
294.450000000033,0.844234135788
294.500000000033,0.864883074520
294.550000000033,0.884853989220
294.600000000033,0.904131223715
294.650000000033,0.922699665640
294.700000000033,0.940544758288
294.750000000033,0.957652512021
294.800000000033,0.974009515234
294.850000000033,0.989602944877
294.900000000033,1.004420576498
294.950000000033,1.018450793834
295.000000000033,1.031682597912
295.050000000033,1.044105615677
295.100000000033,1.055710108118
295.150000000033,1.066486977907
295.200000000033,1.076427776531
295.250000000033,1.085524710914
295.300000000033,1.093770649523
295.350000000033,1.101159127966
295.400000000033,1.107684354054
295.450000000033,1.113341212344
295.500000000033,1.118125268149
295.550000000033,1.122032771014
295.600000000033,1.125060657657
295.650000000033,1.127206554370
295.700000000033,1.128468778880
295.750000000033,1.128846341668
295.800000000033,1.128338946743
295.850000000033,1.126946991877
295.900000000033,1.124671568293
295.950000000033,1.121514459804
296.000000000033,1.117478141422
296.050000000033,1.112565777415
296.100000000033,1.106781218824
296.150000000033,1.100129000447
296.200000000033,1.092614337282
296.250000000033,1.084243120441
296.300000000033,1.075021912528
296.350000000033,1.064957942498
296.400000000033,1.054059099988
296.450000000033,1.042333929133
296.500000000033,1.029791621865
296.550000000033,1.016442010713
296.600000000033,1.002295561085
296.650000000033,0.987363363076
296.700000000033,0.971657122763
296.750000000033,0.955189153033
296.800000000033,0.937972363933
296.850000000033,0.920020252542
296.900000000033,0.901346892396
296.950000000033,0.881966922454
297.000000000033,0.861895535619
297.050000000033,0.841148466830
297.100000000033,0.819741980727
297.150000000033,0.797692858899
297.200000000033,0.775018386726
297.250000000033,0.751736339835
297.300000000033,0.727864970158
297.350000000033,0.703422991625
297.400000000033,0.678429565496
297.450000000033,0.652904285337
297.500000000033,0.626867161659
297.550000000033,0.600338606236
297.600000000033,0.573339416094
297.650000000033,0.545890757216
297.700000000033,0.518014147946
297.750000000033,0.489731442116
297.800000000033,0.461064811919
297.850000000033,0.432036730526
297.900000000033,0.402669954465
297.950000000033,0.372987505784
298.000000000033,0.343012654003
298.050000000033,0.312768897871
298.100000000034,0.282279946943
298.150000000034,0.251569702994
298.200000000034,0.220662241284
298.250000000034,0.189581791679
298.300000000034,0.158352719660
298.350000000034,0.126999507219
298.400000000034,0.095546733670
298.450000000034,0.064019056375
298.500000000034,0.032441191419
298.550000000034,0.000837894231
298.600000000034,-0.030766059823
298.650000000034,-0.062345894863
298.700000000034,-0.093876853914
298.750000000034,-0.125334218320
298.800000000034,-0.156693327119
298.850000000034,-0.187929596374
298.900000000034,-0.219018538453
298.950000000034,-0.249935781215
299.000000000034,-0.280657087126
299.050000000034,-0.311158372256
299.100000000034,-0.341415725160
299.150000000034,-0.371405425623
299.200000000034,-0.401103963255
299.250000000034,-0.430488055925
299.300000000034,-0.459534668008
299.350000000034,-0.488221028450
299.400000000034,-0.516524648611
299.450000000034,-0.544423339905
299.500000000034,-0.571895231185
299.550000000034,-0.598918785896
299.600000000034,-0.625472818956
299.650000000034,-0.651536513363
299.700000000034,-0.677089436515
299.750000000034,-0.702111556229
299.800000000034,-0.726583256445
299.850000000034,-0.750485352604
299.900000000034,-0.773799106686
299.950000000034,-0.796506241902
300.000000000034,-0.818588957022
300.050000000034,-0.840029940328
300.100000000034,-0.860812383187
300.150000000034,-0.880919993228
300.200000000034,-0.900337007115
300.250000000034,-0.919048202904
300.300000000034,-0.937038911976
300.350000000034,-0.954295030535
300.400000000034,-0.970803030670
300.450000000034,-0.986549970953
300.500000000034,-1.001523506590
300.550000000034,-1.015711899096
300.600000000034,-1.029104025498
300.650000000034,-1.041689387054
300.700000000034,-1.053458117487
300.750000000034,-1.064400990713
300.800000000034,-1.074509428081
300.850000000034,-1.083775505094
300.900000000034,-1.092191957622
300.950000000034,-1.099752187597
301.000000000034,-1.106450268187
301.050000000034,-1.112280948438
301.100000000034,-1.117239657397
301.150000000034,-1.121322507690
301.200000000034,-1.124526298571
301.250000000034,-1.126848518432
301.300000000034,-1.128287346771
301.350000000034,-1.128841655622
301.400000000034,-1.128511010434
301.450000000034,-1.127295670416
301.500000000034,-1.125196588332
301.550000000034,-1.122215409756
301.600000000034,-1.118354471778
301.650000000034,-1.113616801177
301.700000000034,-1.108006112043
301.750000000034,-1.101526802869
301.800000000034,-1.094183953102
301.850000000034,-1.085983319160
301.900000000034,-1.076931329920
301.950000000034,-1.067035081677
302.000000000034,-1.056302332584
302.050000000034,-1.044741496566
302.100000000034,-1.032361636726
302.150000000034,-1.019172458241
302.200000000034,-1.005184300751
302.250000000034,-0.990408130254
302.300000000034,-0.974855530511
302.350000000034,-0.958538693965
302.400000000034,-0.941470412180
302.450000000034,-0.923664065813
302.500000000035,-0.905133614128
302.550000000035,-0.885893584052
302.600000000035,-0.865959058780
302.650000000035,-0.845345665961
302.700000000035,-0.824069565439
302.750000000035,-0.802147436586
302.800000000035,-0.779596465228
302.850000000035,-0.756434330173
302.900000000035,-0.732679189348
302.950000000035,-0.708349665566
303.000000000035,-0.683464831928
303.050000000035,-0.658044196868
303.100000000035,-0.632107688864
303.150000000035,-0.605675640808
303.200000000035,-0.578768774072
303.250000000035,-0.551408182262
303.300000000035,-0.523615314680
303.350000000035,-0.495411959511
303.400000000035,-0.466820226740
303.450000000035,-0.437862530823
303.500000000035,-0.408561573108
303.550000000035,-0.378940324047
303.600000000035,-0.349022005181
303.650000000035,-0.318830070940
303.700000000035,-0.288388190254
303.750000000035,-0.257720227998
303.800000000035,-0.226850226283
303.850000000035,-0.195802385610
303.900000000035,-0.164601045897
303.950000000035,-0.133270667393
304.000000000035,-0.101835811513
304.050000000035,-0.070321121573
304.100000000035,-0.038751303475
304.150000000035,-0.007151106340
304.200000000035,0.024454696896
304.250000000035,0.056041328902
304.300000000035,0.087584027377
304.350000000035,0.119058064460
304.400000000035,0.150438766119
304.450000000035,0.181701531491
304.500000000035,0.212821852169
304.550000000035,0.243775331416
304.600000000035,0.274537703288
304.650000000035,0.305084851664
304.700000000035,0.335392829142
304.750000000035,0.365437875821
304.800000000035,0.395196437923
304.850000000035,0.424645186259
304.900000000035,0.453761034520
304.950000000035,0.482521157371
305.000000000035,0.510903008350
305.050000000035,0.538884337539
305.100000000035,0.566443209009
305.150000000035,0.593558018016
305.200000000035,0.620207507939
305.250000000035,0.646370786942
305.300000000035,0.672027344356
305.350000000035,0.697157066753
305.400000000035,0.721740253719
305.450000000035,0.745757633292
305.500000000035,0.769190377079
305.550000000035,0.792020115009
305.600000000035,0.814228949735
305.650000000035,0.835799470670
305.700000000035,0.856714767629
305.750000000035,0.876958444092
305.800000000035,0.896514630052
305.850000000035,0.915367994461
305.900000000035,0.933503757248
305.950000000035,0.950907700903
306.000000000035,0.967566181627
306.050000000035,0.983466140023
306.100000000035,0.998595111338
306.150000000035,1.012941235233
306.200000000035,1.026493265084
306.250000000035,1.039240576791
306.300000000035,1.051173177116
306.350000000035,1.062281711511
306.400000000035,1.072557471455
306.450000000035,1.081992401277
306.500000000035,1.090579104477
306.550000000035,1.098310849518
306.600000000035,1.105181575108
306.650000000035,1.111185894951
306.700000000035,1.116319101967
306.750000000035,1.120577171985
306.800000000035,1.123956766896
306.850000000035,1.126455237271
306.900000000036,1.128070624437
306.950000000036,1.128801662013
307.000000000036,1.128647776904
307.050000000036,1.127609089747
307.100000000036,1.125686414819
307.150000000036,1.122881259400
307.200000000036,1.119195822587
307.250000000036,1.114632993575
307.300000000036,1.109196349387
307.350000000036,1.102890152075
307.400000000036,1.095719345373
307.450000000036,1.087689550827
307.500000000036,1.078807063385
307.550000000036,1.069078846462
307.600000000036,1.058512526481
307.650000000036,1.047116386896
307.700000000036,1.034899361697
307.750000000036,1.021871028407
307.800000000036,1.008041600570
307.850000000036,0.993421919750
307.900000000036,0.978023447029
307.950000000036,0.961858254019
308.000000000036,0.944939013404
308.050000000036,0.927278989003
308.100000000036,0.908892025370
308.150000000036,0.889792536942
308.200000000036,0.869995496740
308.250000000036,0.849516424630
308.300000000036,0.828371375155
308.350000000036,0.806576924952
308.400000000036,0.784150159752
308.450000000036,0.761108660991
308.500000000036,0.737470492024
308.550000000036,0.713254183964
308.600000000036,0.688478721157
308.650000000036,0.663163526296
308.700000000036,0.637328445198
308.750000000036,0.610993731243
308.800000000036,0.584180029498
308.850000000036,0.556908360531
308.900000000036,0.529200103935
308.950000000036,0.501076981563
309.000000000036,0.472561040502
309.050000000036,0.443674635790
309.100000000036,0.414440412888
309.150000000036,0.384881289931
309.200000000036,0.355020439756
309.250000000036,0.324881271740
309.300000000036,0.294487413448
309.350000000036,0.263862692107
309.400000000036,0.233031115931
309.450000000036,0.202016855295
309.500000000036,0.170844223792
309.550000000036,0.139537659169
309.600000000036,0.108121704168
309.650000000036,0.076620987288
309.700000000036,0.045060203480
309.750000000036,0.013464094779
309.800000000036,-0.018142569082
309.850000000036,-0.049735010098
309.900000000036,-0.081288461414
309.950000000036,-0.112778186739
310.000000000036,-0.144179499743
310.050000000036,-0.175467783403
310.100000000036,-0.206618509309
310.150000000036,-0.237607256887
310.200000000036,-0.268409732545
310.250000000036,-0.299001788721
310.300000000036,-0.329359442810
310.350000000036,-0.359458895965
310.400000000036,-0.389276551757
310.450000000036,-0.418789034672
310.500000000036,-0.447973208433
310.550000000036,-0.476806194145
310.600000000036,-0.505265388222
310.650000000036,-0.533328480115
310.700000000036,-0.560973469796
310.750000000036,-0.588178685010
310.800000000036,-0.614922798261
310.850000000036,-0.641184843535
310.900000000036,-0.666944232733
310.950000000036,-0.692180771813
311.000000000036,-0.716874676622
311.050000000036,-0.741006588403
311.100000000036,-0.764557588973
311.150000000036,-0.787509215553
311.200000000036,-0.809843475245
311.250000000036,-0.831542859133
311.300000000037,-0.852590356010
311.350000000037,-0.872969465718
311.400000000037,-0.892664212079
311.450000000037,-0.911659155419
311.500000000037,-0.929939404677
311.550000000037,-0.947490629073
311.600000000037,-0.964299069346
311.650000000037,-0.980351548540
311.700000000037,-0.995635482334
311.750000000037,-1.010138888906
311.800000000037,-1.023850398329
311.850000000037,-1.036759261481
311.900000000037,-1.048855358474
311.950000000037,-1.060129206589
312.000000000037,-1.070571967706
312.050000000037,-1.080175455235
312.100000000037,-1.088932140533
312.150000000037,-1.096835158809
312.200000000037,-1.103878314499
312.250000000037,-1.110056086132
312.300000000037,-1.115363630651
312.350000000037,-1.119796787212
312.400000000037,-1.123352080447
312.450000000037,-1.126026723190
312.500000000037,-1.127818618657
312.550000000037,-1.128726362094
312.600000000037,-1.128749241876
312.650000000037,-1.127887240067
312.700000000037,-1.126141032432
312.750000000037,-1.123511987909
312.800000000037,-1.120002167533
312.850000000037,-1.115614322825
312.900000000037,-1.110351893629
312.950000000037,-1.104219005421
313.000000000037,-1.097220466071
313.050000000037,-1.089361762075
313.100000000037,-1.080649054254
313.150000000037,-1.071089172926
313.200000000037,-1.060689612548
313.250000000037,-1.049458525842
313.300000000037,-1.037404717404
313.350000000037,-1.024537636805
313.400000000037,-1.010867371174
313.450000000037,-0.996404637302
313.500000000037,-0.981160773229
313.550000000037,-0.965147729366
313.600000000037,-0.948378059117
313.650000000037,-0.930864909046
313.700000000037,-0.912622008566
313.750000000037,-0.893663659175
313.800000000037,-0.874004723248
313.850000000037,-0.853660612385
313.900000000037,-0.832647275327
313.950000000037,-0.810981185453
314.000000000037,-0.788679327868
314.050000000037,-0.765759186086
314.100000000037,-0.742238728324
314.150000000037,-0.718136393417
314.200000000037,-0.693471076360
314.250000000037,-0.668262113499
314.300000000037,-0.642529267370
314.350000000037,-0.616292711205
314.400000000037,-0.589573013121
314.450000000037,-0.562391119992
314.500000000037,-0.534768341032
314.550000000037,-0.506726331083
314.600000000037,-0.478287073644
314.650000000037,-0.449472863638
314.700000000037,-0.420306289929
314.750000000037,-0.390810217616
314.800000000037,-0.361007770111
314.850000000037,-0.330922311004
314.900000000037,-0.300577425755
314.950000000037,-0.269996903200
315.000000000037,-0.239204716902
315.050000000037,-0.208225006359
315.100000000037,-0.177082058075
315.150000000037,-0.145800286528
315.200000000037,-0.114404215024
315.250000000037,-0.082918456476
315.300000000037,-0.051367694105
315.350000000037,-0.019776662092
315.400000000037,0.011829873810
315.450000000037,0.043427135697
315.500000000037,0.074990352935
315.550000000037,0.106494781576
315.600000000037,0.137915723764
315.650000000037,0.169228547088
315.700000000038,0.200408703899
315.750000000038,0.231431750551
315.800000000038,0.262273366565
315.850000000038,0.292909373693
315.900000000038,0.323315754874
315.950000000038,0.353468673065
316.000000000038,0.383344489920
316.050000000038,0.412919784330
316.100000000038,0.442171370778
316.150000000038,0.471076317521
316.200000000038,0.499611964558
316.250000000038,0.527755941406
316.300000000038,0.555486184627
316.350000000038,0.582780955132
316.400000000038,0.609618855217
316.450000000038,0.635978845345
316.500000000038,0.661840260633
316.550000000038,0.687182827056
316.600000000038,0.711986677340
316.650000000038,0.736232366537
316.700000000038,0.759900887269
316.750000000038,0.782973684627
316.800000000038,0.805432670720
316.850000000038,0.827260238854
316.900000000038,0.848439277332
316.950000000038,0.868953182874
317.000000000038,0.888785873629
317.050000000038,0.907921801782
317.100000000038,0.926345965747
317.150000000038,0.944043921921
317.200000000038,0.961001796015
317.250000000038,0.977206293924
317.300000000038,0.992644712150
317.350000000038,1.007304947765
317.400000000038,1.021175507896
317.450000000038,1.034245518733
317.500000000038,1.046504734057
317.550000000038,1.057943543271
317.600000000038,1.068552978936
317.650000000038,1.078324723796
317.700000000038,1.087251117305
317.750000000038,1.095325161627
317.800000000038,1.102540527124
317.850000000038,1.108891557321
317.900000000038,1.114373273334
317.950000000038,1.118981377779
318.000000000038,1.122712258137
318.050000000038,1.125562989591
318.100000000038,1.127531337313
318.150000000038,1.128615758217
318.200000000038,1.128815402176
318.250000000038,1.128130112677
318.300000000038,1.126560426952
318.350000000038,1.124107575555
318.400000000038,1.120773481395
318.450000000038,1.116560758233
318.500000000038,1.111472708625
318.550000000038,1.105513321344
318.600000000038,1.098687268244
318.650000000038,1.090999900600
318.700000000038,1.082457244915
318.750000000038,1.073065998193
318.800000000038,1.062833522691
318.850000000038,1.051767840146
318.900000000038,1.039877625485
318.950000000038,1.027172200029
319.000000000038,1.013661524180
319.050000000038,0.999356189615
319.100000000038,0.984267410985
319.150000000038,0.968407017118
319.200000000038,0.951787441753
319.250000000038,0.934421713783
319.300000000038,0.916323447051
319.350000000038,0.897506829670
319.400000000038,0.877986612905
319.450000000038,0.857778099606
319.500000000038,0.836897132213
319.550000000038,0.815360080334
319.600000000038,0.793183827914
319.650000000038,0.770385760000
319.700000000038,0.746983749110
319.750000000038,0.722996141220
319.800000000038,0.698441741388
319.850000000038,0.673339799005
319.900000000038,0.647709992708
319.950000000038,0.621572414952
320.000000000038,0.594947556260
320.050000000038,0.567856289157
320.100000000039,0.540319851809
320.150000000039,0.512359831372
320.200000000039,0.483998147071
320.250000000039,0.455257033012
320.300000000039,0.426159020758
320.350000000039,0.396726921660
320.400000000039,0.366983808975
320.450000000039,0.336952999781
320.500000000039,0.306658036694
320.550000000039,0.276122669413
320.600000000039,0.245370836103
320.650000000039,0.214426644624
320.700000000039,0.183314353639
320.750000000039,0.152058353591
320.800000000039,0.120683147581
320.850000000039,0.089213332166
320.900000000039,0.057673578067
320.950000000039,0.026088610837
321.000000000039,-0.005516808527
321.050000000039,-0.037117902996
321.100000000039,-0.068689898931
321.150000000039,-0.100208045502
321.200000000039,-0.131647634099
321.250000000039,-0.162984017694
321.300000000039,-0.194192630167
321.350000000039,-0.225249005564
321.400000000039,-0.256128797279
321.450000000039,-0.286807797135
321.500000000039,-0.317261954368
321.550000000039,-0.347467394480
321.600000000039,-0.377400437951
321.650000000039,-0.407037618810
321.700000000039,-0.436355703023
321.750000000039,-0.465331706716
321.800000000039,-0.493942914185
321.850000000039,-0.522166895709
321.900000000039,-0.549981525132
321.950000000039,-0.577364997210
322.000000000039,-0.604295844702
322.050000000039,-0.630752955204
322.100000000039,-0.656715587697
322.150000000039,-0.682163388805
322.200000000039,-0.707076408758
322.250000000039,-0.731435117022
322.300000000039,-0.755220417618
322.350000000039,-0.778413664090
322.400000000039,-0.800996674119
322.450000000039,-0.822951743783
322.500000000039,-0.844261661431
322.550000000039,-0.864909721180
322.600000000039,-0.884879736008
322.650000000039,-0.904156050446
322.700000000039,-0.922723552852
322.750000000039,-0.940567687254
322.800000000039,-0.957674464766
322.850000000039,-0.974030474549
322.900000000039,-0.989622894330
322.950000000039,-1.004439500450
323.000000000039,-1.018468677449
323.050000000039,-1.031699427171
323.100000000039,-1.044121377386
323.150000000039,-1.055724789921
323.200000000039,-1.066500568294
323.250000000039,-1.076440264849
323.300000000039,-1.085536087371
323.350000000039,-1.093780905201
323.400000000039,-1.101168254826
323.450000000039,-1.107692344940
323.500000000039,-1.113348060992
323.550000000039,-1.118130969190
323.600000000039,-1.122037319979
323.650000000039,-1.125064050979
323.700000000039,-1.127208789389
323.750000000039,-1.128469853845
323.800000000039,-1.128846255734
323.850000000039,-1.128337699979
323.900000000039,-1.126944585261
323.950000000039,-1.124668003710
324.000000000039,-1.121509740049
324.050000000039,-1.117472270196
324.100000000039,-1.112558759320
324.150000000039,-1.106773059362
324.200000000039,-1.100119706014
324.250000000039,-1.092603915165
324.300000000039,-1.084231578810
324.350000000039,-1.075009260431
324.400000000039,-1.064944189854
324.450000000039,-1.054044257579
324.500000000040,-1.042318008594
324.550000000040,-1.029774635677
324.600000000040,-1.016423972191
324.650000000040,-1.002276484373
324.700000000040,-0.987343263127
324.750000000040,-0.971636015334
324.800000000040,-0.955167054673
324.850000000040,-0.937949291964
324.900000000040,-0.919996225053
324.950000000040,-0.901321928223
325.000000000040,-0.881941041167
325.050000000040,-0.861868757508
325.100000000040,-0.841120812888
325.150000000040,-0.819713472632
325.200000000040,-0.797663519000
325.250000000040,-0.774988238026
325.300000000040,-0.751705405967
325.350000000040,-0.727833275373
325.400000000040,-0.703390560770
325.450000000040,-0.678396423996
325.500000000040,-0.652870459172
325.550000000040,-0.626832677349
325.600000000040,-0.600303490813
325.650000000040,-0.573303697087
325.700000000040,-0.545854462628
325.750000000040,-0.517977306228
325.800000000040,-0.489694082152
325.850000000040,-0.461026962997
325.900000000040,-0.431998422317
325.950000000040,-0.402631217000
326.000000000040,-0.372948369433
326.050000000040,-0.342973149446
326.100000000040,-0.312729056077
326.150000000040,-0.282239799146
326.200000000040,-0.251529280669
326.250000000040,-0.220621576119
326.300000000040,-0.189540915554
326.350000000040,-0.158311664619
326.400000000040,-0.126958305448
326.450000000040,-0.095505417468
326.500000000040,-0.063977658133
326.550000000040,-0.032399743591
326.600000000040,-0.000796429309
326.650000000040,0.030807509333
326.700000000040,0.062387296465
326.750000000040,0.093918175152
326.800000000040,0.125375426801
326.850000000040,0.156734390536
326.900000000040,0.187970482538
326.950000000040,0.219059215308
327.000000000040,0.249976216875
327.050000000040,0.280697249891
327.100000000040,0.311198230640
327.150000000040,0.341455247916
327.200000000040,0.371444581767
327.250000000040,0.401142722092
327.300000000040,0.430526387069
327.350000000040,0.459572541410
327.400000000040,0.488258414417
327.450000000040,0.516561517837
327.500000000040,0.544459663484
327.550000000040,0.571930980643
327.600000000040,0.598953933208
327.650000000040,0.625507336567
327.700000000040,0.651570374212
327.750000000040,0.677122614058
327.800000000040,0.702144024456
327.850000000040,0.726614989904
327.900000000040,0.750516326416
327.950000000040,0.773829296570
328.000000000040,0.796535624191
328.050000000040,0.818617508681
328.100000000040,0.840057638973
328.150000000040,0.860839207105
328.200000000040,0.880945921390
328.250000000040,0.900362019195
328.300000000040,0.919072279294
328.350000000040,0.937062033800
328.400000000040,0.954317179669
328.450000000040,0.970824189748
328.500000000040,0.986570123389
328.550000000040,1.001542636584
328.600000000040,1.015729991652
328.650000000040,1.029121066432
328.700000000040,1.041705363007
328.750000000040,1.053473015934
328.800000000040,1.064414799976
328.850000000040,1.074522137333
328.900000000041,1.083787104372
328.950000000041,1.092202437833
329.000000000041,1.099761540525
329.050000000041,1.106458486499
329.100000000041,1.112288025692
329.150000000041,1.117245588044
329.200000000041,1.121327287081
329.250000000041,1.124529922959
329.300000000041,1.126850984976
329.350000000041,1.128288653538
329.400000000041,1.128841801587
329.450000000041,1.128509995483
329.500000000041,1.127293495344
329.550000000041,1.125193254845
329.600000000041,1.122210920466
329.650000000041,1.118348830206
329.700000000041,1.113610011744
329.750000000041,1.107998180072
329.800000000041,1.101517734579
329.850000000041,1.094173755602
329.900000000041,1.085972000443
329.950000000041,1.076918898860
330.000000000041,1.067021548020
330.050000000041,1.056287706939
330.100000000041,1.044725790399
330.150000000041,1.032344862351
330.200000000041,1.019154628806
330.250000000041,1.005165430234
330.300000000041,0.990388233449
330.350000000041,0.974834623017
330.400000000041,0.958516792172
330.450000000041,0.941447533256
330.500000000041,0.923640227696
330.550000000041,0.905108835505
330.600000000041,0.885867884348
330.650000000041,0.865932458143
330.700000000041,0.845318185244
330.750000000041,0.824041226185
330.800000000041,0.802118261012
330.850000000041,0.779566476207
330.900000000041,0.756403551214
330.950000000041,0.732647644580
331.000000000041,0.708317379718
331.050000000041,0.683431830311
331.100000000041,0.658010505355
331.150000000041,0.632073333865
331.200000000041,0.605640649257
331.250000000041,0.578733173400
331.300000000041,0.551372000379
331.350000000041,0.523578579950
331.400000000041,0.495374700732
331.450000000041,0.466782473122
331.500000000041,0.437824311961
331.550000000041,0.408522918966
331.600000000041,0.378901264926
331.650000000041,0.348982571702
331.700000000041,0.318790294017
331.750000000041,0.288348101070
331.800000000041,0.257679857980
331.850000000041,0.226809607080
331.900000000041,0.195761549066
331.950000000041,0.164560024024
332.000000000041,0.133229492352
332.050000000041,0.101794515582
332.100000000041,0.070279737125
332.150000000041,0.038709862955
332.200000000041,0.007109642234
332.250000000041,-0.024496152081
332.300000000041,-0.056082742669
332.350000000041,-0.087625367258
332.400000000041,-0.119099298048
332.450000000041,-0.150479861088
332.500000000041,-0.181742455625
332.550000000041,-0.212862573386
332.600000000041,-0.243815817791
332.650000000041,-0.274577923084
332.700000000041,-0.305124773349
332.750000000041,-0.335432421421
332.800000000041,-0.365477107654
332.850000000041,-0.395235278555
332.900000000041,-0.424683605242
332.950000000041,-0.453799001734
333.000000000041,-0.482558643053
333.050000000041,-0.510939983112
333.100000000041,-0.538920772395
333.150000000041,-0.566479075395
333.200000000041,-0.593593287816
333.250000000041,-0.620242153503
333.300000000042,-0.646404781110
333.350000000042,-0.672060660478
333.400000000042,-0.697189678710
333.450000000042,-0.721772135945
333.500000000042,-0.745788760794
333.550000000042,-0.769220725455
333.600000000042,-0.792049660466
333.650000000042,-0.814257669111
333.700000000042,-0.835827341451
333.750000000042,-0.856741767966
333.800000000042,-0.876984552817
333.850000000042,-0.896539826698
333.900000000042,-0.915392259276
333.950000000042,-0.933527071208
334.000000000042,-0.950930045732
334.050000000042,-0.967587539807
334.100000000042,-0.983486494811
334.150000000042,-0.998614446776
334.200000000042,-1.012959536165
334.250000000042,-1.026510517161
334.300000000042,-1.039256766489
334.350000000042,-1.051188291743
334.400000000042,-1.062295739218
334.450000000042,-1.072570401245
334.500000000042,-1.082004223014
334.550000000042,-1.090589808892
334.600000000042,-1.098320428220
334.650000000042,-1.105190020589
334.700000000042,-1.111193200589
334.750000000042,-1.116325262035
334.800000000042,-1.120582181654
334.850000000042,-1.123960622238
334.900000000042,-1.126457935265
334.950000000042,-1.128072162967
335.000000000042,-1.128802039873
335.050000000042,-1.128646993797
335.100000000042,-1.127607146287
335.150000000042,-1.125683312531
335.200000000042,-1.122877000715
335.250000000042,-1.119190410844
335.300000000042,-1.114626433016
335.350000000042,-1.109188645156
335.400000000042,-1.102881310210
335.450000000042,-1.095709372807
335.500000000042,-1.087678455378
335.550000000042,-1.078794853751
335.600000000042,-1.069065532214
335.650000000042,-1.058498118058
335.700000000042,-1.047100895593
335.750000000042,-1.034882799659
335.800000000042,-1.021853408616
335.850000000042,-1.008022936841
335.900000000042,-0.993402226713
335.950000000042,-0.978002740123
336.000000000042,-0.961836549477
336.050000000042,-0.944916328241
336.100000000042,-0.927255341003
336.150000000042,-0.908867433072
336.200000000042,-0.889767019625
336.250000000042,-0.869969074409
336.300000000042,-0.849489117998
336.350000000042,-0.828343205629
336.400000000042,-0.806547914615
336.450000000042,-0.784120331348
336.500000000042,-0.761078037903
336.550000000042,-0.737439098259
336.600000000042,-0.713222044133
336.650000000042,-0.688445860457
336.700000000042,-0.663129970487
336.750000000042,-0.637294220587
336.800000000042,-0.610958864659
336.850000000042,-0.584144548275
336.900000000042,-0.556872292485
336.950000000042,-0.529163477341
337.000000000042,-0.501039825134
337.050000000042,-0.472523383368
337.100000000042,-0.443636507472
337.150000000042,-0.414401843277
337.200000000042,-0.384842309262
337.250000000042,-0.354981078589
337.300000000042,-0.324841560932
337.350000000042,-0.294447384130
337.400000000042,-0.263822375660
337.450000000042,-0.232990543960
337.500000000042,-0.201976059608
337.550000000042,-0.170803236371
337.600000000042,-0.139496512144
337.650000000042,-0.108080429798
337.700000000043,-0.076579617930
337.750000000043,-0.045018771564
337.800000000043,-0.013422632787
337.850000000043,0.018184028647
337.900000000043,0.049776434734
337.950000000043,0.081329818645
338.000000000043,0.112819444144
338.050000000043,0.144220624978
338.100000000043,0.175508744228
338.150000000043,0.206659273613
338.200000000043,0.237647792712
338.250000000043,0.268450008114
338.300000000043,0.299041772460
338.350000000043,0.329399103373
338.400000000043,0.359498202261
338.450000000043,0.389315472971
338.500000000043,0.418827540292
338.550000000043,0.448011268273
338.600000000043,0.476843778368
338.650000000043,0.505302467363
338.700000000043,0.533365025106
338.750000000043,0.561009451989
338.800000000043,0.588214076196
338.850000000043,0.614957570695
338.900000000043,0.641218969957
338.950000000043,0.666977686390
339.000000000043,0.692213526480
339.050000000043,0.716906706620
339.100000000043,0.741037868621
339.150000000043,0.764588094890
339.200000000043,0.787538923255
339.250000000043,0.809872361441
339.300000000043,0.831570901178
339.350000000043,0.852617531921
339.400000000043,0.872995754191
339.450000000043,0.892689592503
339.500000000043,0.911683607899
339.550000000043,0.929962910043
339.600000000043,0.947513168898
339.650000000043,0.964320625960
339.700000000043,0.980372105044
339.750000000043,0.995655022612
339.800000000043,1.010157397640
339.850000000043,1.023867861009
339.900000000043,1.036775664417
339.950000000043,1.048870688807
340.000000000043,1.060143452301
340.050000000043,1.070585117629
340.100000000043,1.080187499060
340.150000000043,1.088943068818
340.200000000043,1.096844962987
340.250000000043,1.103886986885
340.300000000043,1.110063619926
340.350000000043,1.115370019947
340.400000000043,1.119802027001
340.450000000043,1.123356166623
340.500000000043,1.126029652548
340.550000000043,1.127820388900
340.600000000043,1.128726971835
340.650000000043,1.128748690637
340.700000000043,1.127885528281
340.750000000043,1.126138161440
340.800000000043,1.123507959962
340.850000000043,1.119996985789
340.900000000043,1.115607991345
340.950000000043,1.110344417378
341.000000000043,1.104210390259
341.050000000043,1.097210718752
341.100000000043,1.089350890241
341.150000000043,1.080637066428
341.200000000043,1.071076078505
341.250000000043,1.060675421798
341.300000000043,1.049443249887
341.350000000043,1.037388368221
341.400000000043,1.024520227209
341.450000000043,1.010848914815
341.500000000043,0.996385148648
341.550000000043,0.981140267559
341.600000000043,0.965126222754
341.650000000043,0.948355568424
341.700000000043,0.930841451903
341.750000000043,0.912597603362
341.800000000043,0.893638325043
341.850000000043,0.873978480049
341.900000000043,0.853633480692
341.950000000043,0.832619276410
342.000000000043,0.810952341261
342.050000000043,0.788649661014
342.100000000044,0.765728719827
342.150000000044,0.742207486545
342.200000000044,0.718104400608
342.250000000044,0.693438357604
342.300000000044,0.668228694444
342.350000000044,0.642495174215
342.400000000044,0.616257970678
342.450000000044,0.589537652457
342.500000000044,0.562355166912
342.550000000044,0.534731823720
342.600000000044,0.506689278167
342.650000000044,0.478249514173
342.700000000044,0.449434827056
342.750000000044,0.420267806054
342.800000000044,0.390771316619
342.850000000044,0.360968482486
342.900000000044,0.330882667552
342.950000000044,0.300537457555
343.000000000044,0.269956641584
343.050000000044,0.239164193434
343.100000000044,0.208184252806
343.150000000044,0.177041106387
343.200000000044,0.145759168808
343.250000000044,0.114362963507
343.300000000044,0.082877103500
343.350000000044,0.051326272089
343.400000000044,0.019735203510
343.450000000044,-0.011871336458
343.500000000044,-0.043468569906
343.550000000044,-0.075031726222
343.600000000044,-0.106536061508
343.650000000044,-0.137956877978
343.700000000044,-0.169269543322
343.750000000044,-0.200449510015
343.800000000044,-0.231472334558
343.850000000044,-0.262313696647
343.900000000044,-0.292949418233
343.950000000044,-0.323355482481
344.000000000044,-0.353508052593
344.050000000044,-0.383383490498
344.100000000044,-0.412958375383
344.150000000044,-0.442209522054
344.200000000044,-0.471113999109
344.250000000044,-0.499649146920
344.300000000044,-0.527792595391
344.350000000044,-0.555522281501
344.400000000044,-0.582816466597
344.450000000044,-0.609653753434
344.500000000044,-0.636013102955
344.550000000044,-0.661873850780
344.600000000044,-0.687215723407
344.650000000044,-0.712018854106
344.700000000044,-0.736263798494
344.750000000044,-0.759931549774
344.800000000044,-0.783003553643
344.850000000044,-0.805461722832
344.900000000044,-0.827288451286
344.950000000044,-0.848466627967
345.000000000044,-0.868979650271
345.050000000044,-0.888811437038
345.100000000044,-0.907946441163
345.150000000044,-0.926369661784
345.200000000044,-0.944066656038
345.250000000044,-0.961023550389
345.300000000044,-0.977227051500
345.350000000044,-0.992664456657
345.400000000044,-1.007323663723
345.450000000044,-1.021193180633
345.500000000044,-1.034262134394
345.550000000044,-1.046520279617
345.600000000044,-1.057958006543
345.650000000044,-1.068566348581
345.700000000044,-1.078336989333
345.750000000044,-1.087262269118
345.800000000044,-1.095335190974
345.850000000044,-1.102549426143
345.900000000044,-1.108899319035
345.950000000044,-1.114379891658
346.000000000044,-1.118986847525
346.050000000044,-1.122716575018
346.100000000044,-1.125566150221
346.150000000044,-1.127533339215
346.200000000044,-1.128616599822
346.250000000044,-1.128815082823
346.300000000044,-1.128128632617
346.350000000044,-1.126557787346
346.400000000044,-1.124103778472
346.450000000044,-1.120768529812
346.500000000045,-1.116554656030
346.550000000045,-1.111465460588
346.600000000045,-1.105504933155
346.650000000045,-1.098677746477
346.700000000045,-1.090989252721
346.750000000045,-1.082445479271
346.800000000045,-1.073053124008
346.850000000045,-1.062819550057
346.900000000045,-1.051752780017
346.950000000045,-1.039861489668
347.000000000045,-1.027155001173
347.050000000045,-1.013643275768
347.100000000045,-0.999336905954
347.150000000045,-0.984247107191
347.200000000045,-0.968385709110
347.250000000045,-0.951765146233
347.300000000045,-0.934398448231
347.350000000045,-0.916299229705
347.400000000045,-0.897481679516
347.450000000045,-0.877960549660
347.500000000045,-0.857751143701
347.550000000045,-0.836869304780
347.600000000045,-0.815331403189
347.650000000045,-0.793154323538
347.700000000045,-0.770355451524
347.750000000045,-0.746952660293
347.800000000045,-0.722964296435
347.850000000045,-0.698409165599
347.900000000045,-0.673306517749
347.950000000045,-0.647676032077
348.000000000045,-0.621537801569
348.050000000045,-0.594912317260
348.100000000045,-0.567820452166
348.150000000045,-0.540283444921
348.200000000045,-0.512322883129
348.250000000045,-0.483960686437
348.300000000045,-0.455219089355
348.350000000045,-0.426120623824
348.400000000045,-0.396688101550
348.450000000045,-0.366944596122
348.500000000045,-0.336913424926
348.550000000045,-0.306618130862
348.600000000045,-0.276082463888
348.650000000045,-0.245330362403
348.700000000045,-0.214385934480
348.750000000045,-0.183273438965
348.800000000045,-0.152017266461
348.850000000045,-0.120641920207
348.900000000045,-0.089171996866
348.950000000045,-0.057632167248
349.000000000045,-0.026047156962
349.050000000045,0.005558272961
349.100000000045,0.037159345483
349.150000000045,0.068731286981
349.200000000045,0.100249346670
349.250000000045,0.131688816006
349.300000000045,0.163025048056
349.350000000045,0.194233476818
349.400000000045,0.225289636483
349.450000000045,0.256169180613
349.500000000045,0.286847901225
349.550000000045,0.317301747776
349.600000000045,0.347506846008
349.650000000045,0.377439516673
349.700000000045,0.407076294089
349.750000000045,0.436393944540
349.800000000045,0.465369484492
349.850000000045,0.493980198603
349.900000000045,0.522203657541
349.950000000045,0.550017735558
350.000000000045,0.577400627843
350.050000000045,0.604330867610
350.100000000045,0.630787342930
350.150000000045,0.656749313283
350.200000000045,0.682196425812
350.250000000045,0.707108731286
350.300000000045,0.731466699733
350.350000000045,0.755251235753
350.400000000045,0.778443693488
350.450000000045,0.801025891239
350.500000000045,0.822980125720
350.550000000045,0.844289185935
350.600000000045,0.864936366673
350.650000000045,0.884905481602
350.700000000045,0.904180875958
350.750000000045,0.922747438819
350.800000000045,0.940590614952
350.850000000045,0.957696416219
350.900000000046,0.974051432549
350.950000000046,0.989642842447
351.000000000046,1.004458423046
351.050000000046,1.018486559690
351.100000000046,1.031716255038
351.150000000046,1.044137137686
351.200000000046,1.055739470299
351.250000000046,1.066514157243
351.300000000046,1.076452751714
351.350000000046,1.085547462363
351.400000000046,1.093791159404
351.450000000046,1.101177380200
351.500000000046,1.107700334332
351.550000000046,1.113354908138
351.600000000046,1.118136668722
351.650000000046,1.122041867429
351.700000000046,1.125067442783
351.750000000046,1.127211022888
351.800000000046,1.128470927286
351.850000000046,1.128846168278
351.900000000046,1.128336451693
351.950000000046,1.126942177124
352.000000000046,1.124664437610
352.050000000046,1.121505018782
352.100000000046,1.117466397462
352.150000000046,1.112551739724
352.200000000046,1.106764898407
352.250000000046,1.100110410097
352.300000000046,1.092593491574
352.350000000046,1.084220035717
352.400000000046,1.074996606884
352.450000000046,1.064930435774
352.500000000046,1.054029413747
352.550000000046,1.042302086648
352.600000000046,1.029757648099
352.650000000046,1.016405932299
352.700000000046,1.002257406307
352.750000000046,0.987323161845
352.800000000046,0.971614906595
352.850000000046,0.955144955024
352.900000000046,0.937926218731
352.950000000046,0.919972196322
353.000000000046,0.901296962833
353.050000000046,0.881915158690
353.100000000046,0.861841978233
353.150000000046,0.841093157810
353.200000000046,0.819684963431
353.250000000046,0.797634178026
353.300000000046,0.774958088279
353.350000000046,0.751674471085
353.400000000046,0.727801579606
353.450000000046,0.703358128967
353.500000000046,0.678363281580
353.550000000046,0.652836632127
353.600000000046,0.626798192192
353.650000000046,0.600268374580
353.700000000046,0.573267977307
353.750000000046,0.545818167303
353.800000000046,0.517940463812
353.850000000046,0.489656721527
353.900000000046,0.460989113452
353.950000000046,0.431960113525
354.000000000046,0.402592478993
354.050000000046,0.372909232578
354.100000000046,0.342933644426
354.150000000046,0.312689213861
354.200000000046,0.282199650969
354.250000000046,0.251488858005
354.300000000046,0.220580910657
354.350000000046,0.189500039173
354.400000000046,0.158270609365
354.450000000046,0.126917103506
354.500000000046,0.095464101138
354.550000000046,0.063936259805
354.600000000046,0.032358295718
354.650000000046,0.000754964386
354.700000000046,-0.030848958800
354.750000000046,-0.062428697983
354.800000000046,-0.093959496264
354.850000000046,-0.125416635112
354.900000000046,-0.156775453742
354.950000000046,-0.188011368447
355.000000000046,-0.219099891869
355.050000000046,-0.250016652197
355.100000000046,-0.280737412277
355.150000000046,-0.311238088604
355.200000000046,-0.341494770212
355.250000000046,-0.371483737411
355.300000000047,-0.401181480387
355.350000000047,-0.430564717631
355.400000000047,-0.459610414191
355.450000000047,-0.488295799726
355.500000000047,-0.516598386365
355.550000000047,-0.544495986330
355.600000000047,-0.571966729330
355.650000000047,-0.598989079711
355.700000000047,-0.625541853333
355.750000000047,-0.651604234183
355.800000000047,-0.677155790688
355.850000000047,-0.702176491737
355.900000000047,-0.726646722382
355.950000000047,-0.750547299215
356.000000000047,-0.773859485409
356.050000000047,-0.796565005404
356.100000000047,-0.818646059234
356.150000000047,-0.840085336485
356.200000000047,-0.860866029862
356.250000000047,-0.880971848364
356.300000000047,-0.900387030061
356.350000000047,-0.919096354444
356.400000000047,-0.937085154361
356.450000000047,-0.954339327515
356.500000000047,-0.970845347517
356.550000000047,-0.986590274493
356.600000000047,-1.001561765227
356.650000000047,-1.015748082838
356.700000000047,-1.029138105978
356.750000000047,-1.041721337555
356.800000000047,-1.053487912961
356.850000000047,-1.064428607803
356.900000000047,-1.074534845136
356.950000000047,-1.083798702188
357.000000000047,-1.092212916570
357.050000000047,-1.099770891968
357.100000000047,-1.106466703318
357.150000000047,-1.112295101445
357.200000000047,-1.117251517184
357.250000000047,-1.121332064960
357.300000000047,-1.124533545831
357.350000000047,-1.126853450001
357.400000000047,-1.128289958783
357.450000000047,-1.128841946029
357.500000000047,-1.128508979009
357.550000000047,-1.127291318751
357.600000000047,-1.125189919839
357.650000000047,-1.122206429662
357.700000000047,-1.118343187124
357.750000000047,-1.113603220808
357.800000000047,-1.107990246606
357.850000000047,-1.101508664802
357.900000000047,-1.094163556625
357.950000000047,-1.085960680261
358.000000000047,-1.076906466348
358.050000000047,-1.067008012924
358.100000000047,-1.056273079870
358.150000000047,-1.044710082823
358.200000000047,-1.032328086582
358.250000000047,-1.019136797997
358.300000000047,-1.005146558362
358.350000000047,-0.990368335309
358.400000000047,-0.974813714208
358.450000000047,-0.958494889084
358.500000000047,-0.941424653062
358.550000000047,-0.923616388332
358.600000000047,-0.905084055661
358.650000000047,-0.885842183449
358.700000000047,-0.865905856337
358.750000000047,-0.845290703386
358.800000000047,-0.824012885819
358.850000000047,-0.802089084356
358.900000000047,-0.779536486134
358.950000000047,-0.756372771234
359.000000000047,-0.732616098823
359.050000000047,-0.708285092915
359.100000000047,-0.683398827773
359.150000000047,-0.657976812953
359.200000000047,-0.632038978014
359.250000000047,-0.605605656889
359.300000000047,-0.578697571948
359.350000000047,-0.551335817751
359.400000000047,-0.523541844513
359.450000000047,-0.495337441285
359.500000000047,-0.466744718874
359.550000000047,-0.437786092509
359.600000000047,-0.408484264272
359.650000000047,-0.378862205294
359.700000000048,-0.348943137752
359.750000000048,-0.318750516664
359.800000000048,-0.288308011496
359.850000000048,-0.257639487615
359.900000000048,-0.226768987572
359.950000000048,-0.195720712257
360.000000000048,-0.164519001929
360.050000000048,-0.133188317130
360.100000000048,-0.101753219513
360.150000000048,-0.070238352583
360.200000000048,-0.038668422382
360.250000000048,-0.007068178119
360.300000000048,0.024537607234
360.350000000048,0.056124156359
360.400000000048,0.087666707021
360.450000000048,0.119140531475
360.500000000048,0.150520955854
360.550000000048,0.181783379514
360.600000000048,0.212903294315
360.650000000048,0.243856303838
360.700000000048,0.274618142510
360.750000000048,0.305164694623
360.800000000048,0.335472013247
360.850000000048,0.365516338995
360.900000000048,0.395274118655
360.950000000048,0.424722023652
361.000000000048,0.453836968336
361.050000000048,0.482596128083
361.100000000048,0.510976957184
361.150000000048,0.538957206523
361.200000000048,0.566514941018
361.250000000048,0.593628556815
361.300000000048,0.620276798230
361.350000000048,0.646438774405
361.400000000048,0.672093975692
361.450000000048,0.697222289727
361.500000000048,0.721804017198
361.550000000048,0.745819887290
361.600000000048,0.769251072792
361.650000000048,0.792079204854
361.700000000048,0.814286387389
361.750000000048,0.835855211104
361.800000000048,0.856768767147
361.850000000048,0.877010660359
361.900000000048,0.896565022135
361.950000000048,0.915416522855
362.000000000048,0.933550383909
362.050000000048,0.950952389278
362.100000000048,0.967608896682
362.150000000048,0.983506848272
362.200000000048,0.998633780868
362.250000000048,1.012977835729
362.300000000048,1.026527767853
362.350000000048,1.039272954785
362.400000000048,1.051203404952
362.450000000048,1.062309765492
362.500000000048,1.072583329587
362.550000000048,1.082016043290
362.600000000048,1.090600511836
362.650000000048,1.098330005441
362.700000000048,1.105198464578
362.750000000048,1.111200504727
362.800000000048,1.116331420597
362.850000000048,1.120587189811
362.900000000048,1.123964476064
362.950000000048,1.126460631738
363.000000000048,1.128073699974
363.050000000048,1.128802416209
363.100000000048,1.128646209167
363.150000000048,1.127605201306
363.200000000048,1.125680208724
363.250000000048,1.122872740515
363.300000000048,1.119184997591
363.350000000048,1.114619870953
363.400000000048,1.109180939428
363.450000000048,1.102872466858
363.500000000048,1.095699398763
363.550000000048,1.087667358462
363.600000000048,1.078782642662
363.650000000048,1.069052216525
363.700000000048,1.058483708207
363.750000000048,1.047085402877
363.800000000048,1.034866236224
363.850000000048,1.021835787447
363.900000000048,1.008004271751
363.950000000048,0.993382532336
364.000000000048,0.977982031897
364.050000000048,0.961814843637
364.100000000049,0.944893641803
364.150000000049,0.927231691752
364.200000000049,0.908842839548
364.250000000049,0.889741501108
364.300000000049,0.869942650904
364.350000000049,0.849461810220
364.400000000049,0.828315034986
364.450000000049,0.806518903191
364.500000000049,0.784090501886
364.550000000049,0.761047413788
364.600000000049,0.737407703499
364.650000000049,0.713189903340
364.700000000049,0.688412998827
364.750000000049,0.663096413783
364.800000000049,0.637259995115
364.850000000049,0.610923997251
364.900000000049,0.584109066264
364.950000000049,0.556836223688
365.000000000049,0.529126850033
365.050000000049,0.501002668030
365.100000000049,0.472485725597
365.150000000049,0.443598378555
365.200000000049,0.414363273106
365.250000000049,0.384803328074
365.300000000049,0.354941716943
365.350000000049,0.324801849685
365.400000000049,0.294407354414
365.450000000049,0.263782058857
365.500000000049,0.232949971676
365.550000000049,0.201935263649
365.600000000049,0.170762248719
365.650000000049,0.139455364932
365.700000000049,0.108039155282
365.750000000049,0.076538248468
365.800000000049,0.044977339587
365.850000000049,0.013381170776
365.900000000049,-0.018225488188
365.950000000049,-0.049817859302
366.000000000049,-0.081371175766
366.050000000049,-0.112860701397
366.100000000049,-0.144261750018
366.150000000049,-0.175549704816
366.200000000049,-0.206700037638
366.250000000049,-0.237688328217
366.300000000049,-0.268490283321
366.350000000049,-0.299081755795
366.400000000049,-0.329438763491
366.450000000049,-0.359537508071
366.500000000049,-0.389354393660
366.550000000049,-0.418866045347
366.600000000049,-0.448049327509
366.650000000049,-0.476881361947
366.700000000049,-0.505339545823
366.750000000049,-0.533401569379
366.800000000049,-0.561045433425
366.850000000049,-0.588249466588
366.900000000049,-0.614992342300
366.950000000049,-0.641253095515
367.000000000049,-0.667011139148
367.050000000049,-0.692246280212
367.100000000049,-0.716938735650
367.150000000049,-0.741069147840
367.200000000049,-0.764618599776
367.250000000049,-0.787568629893
367.300000000049,-0.809901246544
367.350000000049,-0.831598942101
367.400000000049,-0.852644706682
367.450000000049,-0.873022041485
367.500000000049,-0.892714971724
367.550000000049,-0.911708059149
367.600000000049,-0.929986414155
367.650000000049,-0.947535707445
367.700000000049,-0.964342181273
367.750000000049,-0.980392660225
367.800000000049,-0.995674561547
367.850000000049,-1.010175905011
367.900000000049,-1.023885322307
367.950000000049,-1.036792065954
368.000000000049,-1.048886017725
368.050000000049,-1.060157696583
368.100000000049,-1.070598266107
368.150000000049,-1.080199541427
368.200000000049,-1.088953995634
368.250000000049,-1.096854765685
368.300000000049,-1.103895657781
368.350000000049,-1.110071152222
368.400000000049,-1.115376407738
368.450000000049,-1.119807265280
368.500000000050,-1.123360251282
368.550000000050,-1.126032580386
368.600000000050,-1.127822157622
368.650000000050,-1.128727580054
368.700000000050,-1.128748137876
368.750000000050,-1.127883814973
368.800000000050,-1.126135288929
368.850000000050,-1.123503930499
368.900000000050,-1.119991802533
368.950000000050,-1.115601658360
369.000000000050,-1.110336939629
369.050000000050,-1.104201773607
369.100000000050,-1.097200969953
369.150000000050,-1.089340016937
369.200000000050,-1.080625077143
369.250000000050,-1.071062982639
369.300000000050,-1.060661229616
369.350000000050,-1.049427972516
369.400000000050,-1.037372017638
369.450000000050,-1.024502816232
369.500000000050,-1.010830457092
369.550000000050,-0.996365658650
369.600000000050,-0.981119760564
369.650000000050,-0.965104714840
369.700000000050,-0.948333076451
369.750000000050,-0.930817993505
369.800000000050,-0.912573196927
369.850000000050,-0.893612989706
369.900000000050,-0.873952235671
369.950000000050,-0.853606347848
370.000000000050,-0.832591276369
370.050000000050,-0.810923495975
370.100000000050,-0.788619993096
370.150000000050,-0.765698252535
370.200000000050,-0.742176243764
370.250000000050,-0.718072406831
370.300000000050,-0.693405637911
370.350000000050,-0.668195274488
370.400000000050,-0.642461080194
370.450000000050,-0.616223229320
370.500000000050,-0.589502290997
370.550000000050,-0.562319213072
370.600000000050,-0.534695305687
370.650000000050,-0.506652224568
370.700000000050,-0.478211954057
370.750000000050,-0.449396789867
370.800000000050,-0.420229321612
370.850000000050,-0.390732415094
370.900000000050,-0.360929194375
370.950000000050,-0.330843023654
371.000000000050,-0.300497488949
371.050000000050,-0.269916379604
371.100000000050,-0.239123669643
371.150000000050,-0.208143498972
371.200000000050,-0.177000154459
371.250000000050,-0.145718050891
371.300000000050,-0.114321711835
371.350000000050,-0.082835750413
371.400000000050,-0.051284850005
371.450000000050,-0.019693744901
371.500000000050,0.011912799090
371.550000000050,0.043510004057
371.600000000050,0.075073099409
371.650000000050,0.106577341296
371.700000000050,0.137998032007
371.750000000050,0.169310539329
371.800000000050,0.200490315860
371.850000000050,0.231512918252
371.900000000050,0.262354026375
371.950000000050,0.292989462379
372.000000000050,0.323395209651
372.050000000050,0.353547431643
372.100000000050,0.383422490558
372.150000000050,0.412996965879
372.200000000050,0.442247672732
372.250000000050,0.471151680062
372.300000000050,0.499686328607
372.350000000050,0.527829248664
372.400000000050,0.555558377626
372.450000000050,0.582851977275
372.500000000050,0.609688650828
372.550000000050,0.636047359707
372.600000000050,0.661907440034
372.650000000050,0.687248618831
372.700000000050,0.712051029912
372.750000000050,0.736295229457
372.800000000050,0.759962211254
372.850000000050,0.783033421604
372.900000000051,0.805490773857
372.950000000051,0.827316662602
373.000000000051,0.848493977458
373.050000000051,0.869006116495
373.100000000051,0.888836999248
373.150000000051,0.907971079320
373.200000000051,0.926393356571
373.250000000051,0.944089388881
373.300000000051,0.961045303466
373.350000000051,0.977247807759
373.400000000051,0.992684199824
373.450000000051,1.007342378322
373.500000000051,1.021210851992
373.550000000051,1.034278748660
373.600000000051,1.046535823764
373.650000000051,1.057972468387
373.700000000051,1.068579716783
373.750000000051,1.078349253415
373.800000000051,1.087273419465
373.850000000051,1.095345218844
373.900000000051,1.102558323674
373.950000000051,1.108907079253
374.000000000051,1.114386508479
374.050000000051,1.118992315762
374.100000000051,1.122720890383
374.150000000051,1.125569309333
374.200000000051,1.127535339595
374.250000000051,1.128617439904
374.300000000051,1.128814761948
374.350000000051,1.128127151036
374.400000000051,1.126555146220
374.450000000051,1.124099979872
374.500000000051,1.120763576716
374.550000000051,1.116548552322
374.600000000051,1.111458211052
374.650000000051,1.105496543473
374.700000000051,1.098668223228
374.750000000051,1.090978603370
374.800000000051,1.082433712166
374.850000000051,1.073040248375
374.900000000051,1.062805575990
374.950000000051,1.051737718470
375.000000000051,1.039845352449
375.050000000051,1.027137800932
375.100000000051,1.013625025990
375.150000000051,0.999317620945
375.200000000051,0.984226802070
375.250000000051,0.968364399794
375.300000000051,0.951742849429
375.350000000051,0.934375181418
375.400000000051,0.916275011123
375.450000000051,0.897456528152
375.500000000051,0.877934485229
375.550000000051,0.857724186639
375.600000000051,0.836841476218
375.650000000051,0.815302724944
375.700000000051,0.793124818092
375.750000000051,0.770325142008
375.800000000051,0.746921570468
375.850000000051,0.722932450674
375.900000000051,0.698376588867
375.950000000051,0.673273235585
376.000000000051,0.647642070572
376.050000000051,0.621503187348
376.100000000051,0.594877077458
376.150000000051,0.567784614409
376.200000000051,0.540247037304
376.250000000051,0.512285934194
376.300000000051,0.483923225150
376.350000000051,0.455181145085
376.400000000051,0.426082226316
376.450000000051,0.396649280905
376.500000000051,0.366905382775
376.550000000051,0.336873849617
376.600000000051,0.306578224616
376.650000000051,0.276042257990
376.700000000051,0.245289888373
376.750000000051,0.214345224046
376.800000000051,0.183232524043
376.850000000051,0.151976179126
376.900000000051,0.120600692669
376.950000000051,0.089130661446
377.000000000051,0.057590756350
377.050000000051,0.026005703051
377.100000000051,-0.005599737388
377.150000000051,-0.037200787919
377.200000000051,-0.068772674938
377.250000000052,-0.100290647702
377.300000000052,-0.131729997736
377.350000000052,-0.163066078198
377.400000000052,-0.194274323208
377.450000000052,-0.225330267098
377.500000000052,-0.256209563601
377.550000000052,-0.286888004929
377.600000000052,-0.317341540755
377.650000000052,-0.347546297068
377.700000000052,-0.377478594885
377.750000000052,-0.407114968818
377.800000000052,-0.436432185469
377.850000000052,-0.465407261639
377.900000000052,-0.494017482355
377.950000000052,-0.522240418668
378.000000000052,-0.550053945242
378.050000000052,-0.577436257697
378.100000000052,-0.604365889702
378.150000000052,-0.630821729805
378.200000000052,-0.656783037983
378.250000000052,-0.682229461899
378.300000000052,-0.707141052861
378.350000000052,-0.731498281457
378.400000000052,-0.755282052868
378.450000000052,-0.778473721835
378.500000000052,-0.801055107278
378.550000000052,-0.823008506546
378.600000000052,-0.844316709300
378.650000000052,-0.864963011000
378.700000000052,-0.884931226002
378.750000000052,-0.904205700249
378.800000000052,-0.922771323541
378.850000000052,-0.940613541380
378.900000000052,-0.957718366380
378.950000000052,-0.974072389235
379.000000000052,-0.989662789229
379.050000000052,-1.004477344287
379.100000000052,-1.018504440557
379.150000000052,-1.031733081512
379.200000000052,-1.044152896578
379.250000000052,-1.055754149253
379.300000000052,-1.066527744752
379.350000000052,-1.076465237126
379.400000000052,-1.085558835891
379.450000000052,-1.093801412131
379.500000000052,-1.101186504088
379.550000000052,-1.107708322228
379.600000000052,-1.113361753781
379.650000000052,-1.118142366746
379.700000000052,-1.122046413366
379.750000000052,-1.125070833069
379.800000000052,-1.127213254865
379.850000000052,-1.128471999205
379.900000000052,-1.128846079298
379.950000000052,-1.128335201885
380.000000000052,-1.126939767466
380.050000000052,-1.124660869992
380.100000000052,-1.121500296001
380.150000000052,-1.117460523221
380.200000000052,-1.112544718627
380.250000000052,-1.106756735958
380.300000000052,-1.100101112696
380.350000000052,-1.092583066509
380.400000000052,-1.084208491160
380.450000000052,-1.074983951887
380.500000000052,-1.064916680257
380.550000000052,-1.054014568494
380.600000000052,-1.042286163296
380.650000000052,-1.029740659132
380.700000000052,-1.016387891035
380.750000000052,-1.002238326890
380.800000000052,-0.987303059232
380.850000000052,-0.971593796545
380.900000000052,-0.955122854086
380.950000000052,-0.937903144231
381.000000000052,-0.919948166351
381.050000000052,-0.901271996228
381.100000000052,-0.881889275023
381.150000000052,-0.861815197796
381.200000000052,-0.841065501597
381.250000000052,-0.819656453124
381.300000000052,-0.797604835975
381.350000000052,-0.774927937487
381.400000000052,-0.751643535188
381.450000000052,-0.727769882857
381.500000000052,-0.703325696214
381.550000000052,-0.678330138250
381.600000000052,-0.652802804201
381.650000000053,-0.626763706190
381.700000000053,-0.600233257537
381.750000000053,-0.573232256753
381.800000000053,-0.545781871241
381.850000000053,-0.517903620697
381.900000000053,-0.489619360242
381.950000000053,-0.460951263286
382.000000000053,-0.431921804150
382.050000000053,-0.402553740442
382.100000000053,-0.372870095221
382.150000000053,-0.342894138943
382.200000000053,-0.312649371224
382.250000000053,-0.282159502411
382.300000000053,-0.251448435001
382.350000000053,-0.220540244897
382.400000000053,-0.189459162537
382.450000000053,-0.158229553897
382.500000000053,-0.126875901392
382.550000000053,-0.095422784679
382.600000000053,-0.063894861390
382.650000000053,-0.032316847802
382.700000000053,-0.000713499462
382.750000000053,0.030890408226
382.800000000053,0.062470099417
382.850000000053,0.094000817248
382.900000000053,0.125457843254
382.950000000053,0.156816516737
383.000000000053,0.188052254103
383.050000000053,0.219140568133
383.100000000053,0.250057087183
383.150000000053,0.280777574284
383.200000000053,0.311277946148
383.250000000053,0.341534292046
383.300000000053,0.371522892553
383.350000000053,0.401220238141
383.400000000053,0.430603047613
383.450000000053,0.459648286351
383.500000000053,0.488333184376
383.550000000053,0.516635254197
383.600000000053,0.544532308441
383.650000000053,0.572002477245
383.700000000053,0.599024225406
383.750000000053,0.625576369255
383.800000000053,0.651638093274
383.850000000053,0.677188966404
383.900000000053,0.702208958070
383.950000000053,0.726678453880
384.000000000053,0.750578271002
384.050000000053,0.773889673205
384.100000000053,0.796594385543
384.150000000053,0.818674608683
384.200000000053,0.840113032864
384.250000000053,0.860892851457
384.300000000053,0.880997774149
384.350000000053,0.900412039711
384.400000000053,0.919120428353
384.450000000053,0.937108273657
384.500000000053,0.954361474073
384.550000000053,0.970866503975
384.600000000053,0.986610424266
384.650000000053,1.001580892519
384.700000000053,1.015766172653
384.750000000053,1.029155144135
384.800000000053,1.041737310698
384.850000000053,1.053502808566
384.900000000053,1.064442414193
384.950000000053,1.074547551488
385.000000000053,1.083810298541
385.050000000053,1.092223393833
385.100000000053,1.099780241928
385.150000000053,1.106474918644
385.200000000053,1.112302175697
385.250000000053,1.117257444816
385.300000000053,1.121336841325
385.350000000053,1.124537167185
385.400000000053,1.126855913505
385.450000000053,1.128291262506
385.500000000053,1.128842088948
385.550000000053,1.128507961012
385.600000000053,1.127289140637
385.650000000053,1.125186583315
385.700000000053,1.122201937344
385.750000000053,1.118337542533
385.800000000053,1.113596428370
385.850000000053,1.107982311646
385.900000000053,1.101499593540
385.950000000053,1.094153356171
386.000000000053,1.085949358614
386.050000000054,1.076894032382
386.100000000054,1.066994476387
386.150000000054,1.056258451375
386.200000000054,1.044694373837
386.250000000054,1.032311309420
386.300000000054,1.019118965812
386.350000000054,1.005127685133
386.400000000054,0.990348435832
386.450000000054,0.974792804083
386.500000000054,0.958472984704
386.550000000054,0.941401771598
386.600000000054,0.923592547722
386.650000000054,0.905059274595
386.700000000054,0.885816481354
386.750000000054,0.865879253363
386.800000000054,0.845263220388
386.850000000054,0.823984544342
386.900000000054,0.802059906618
386.950000000054,0.779506495009
387.000000000054,0.756341990234
387.050000000054,0.732584552078
387.100000000054,0.708252805156
387.150000000054,0.683365824312
387.200000000054,0.657943119664
387.250000000054,0.632004621310
387.300000000054,0.605570663704
387.350000000054,0.578661969715
387.400000000054,0.551299634381
387.450000000054,0.523505108370
387.500000000054,0.495300181169
387.550000000054,0.466706963995
387.600000000054,0.437747872467
387.650000000054,0.408445609027
387.700000000054,0.378823145151
387.750000000054,0.348903703332
387.800000000054,0.318710738880
387.850000000054,0.288267921534
387.900000000054,0.257599116902
387.950000000054,0.226728367757
388.000000000054,0.195679875185
388.050000000054,0.164477979613
388.100000000054,0.133147141729
388.150000000054,0.101711923307
388.200000000054,0.070196967946
388.250000000054,0.038626981758
388.300000000054,0.007026713994
388.350000000054,-0.024579062353
388.400000000054,-0.056165569975
388.450000000054,-0.087708046666
388.500000000054,-0.119181764741
388.550000000054,-0.150562050417
388.600000000054,-0.181824303157
388.650000000054,-0.212944014957
388.700000000054,-0.243896789556
388.750000000054,-0.274658361564
388.800000000054,-0.305204615485
388.850000000054,-0.335511604620
388.900000000054,-0.365555569842
388.950000000054,-0.395312958221
389.000000000054,-0.424760441488
389.050000000054,-0.453874934326
389.100000000054,-0.482633612462
389.150000000054,-0.511013930567
389.200000000054,-0.538993639925
389.250000000054,-0.566550805876
389.300000000054,-0.593663825014
389.350000000054,-0.620311442120
389.400000000054,-0.646472766828
389.450000000054,-0.672127290000
389.500000000054,-0.697254899802
389.550000000054,-0.721835897477
389.600000000054,-0.745851012780
389.650000000054,-0.769281419091
389.700000000054,-0.792108748173
389.750000000054,-0.814315104568
389.800000000054,-0.835883079630
389.850000000054,-0.856795765172
389.900000000054,-0.877036766718
389.950000000054,-0.896590216362
390.000000000054,-0.915440785199
390.050000000054,-0.933573695350
390.100000000054,-0.950974731541
390.150000000054,-0.967630252251
390.200000000054,-0.983527200406
390.250000000054,-0.998653113611
390.300000000054,-1.012996133927
390.350000000054,-1.026545017159
390.400000000054,-1.039289141678
390.450000000055,-1.051218516742
390.500000000055,-1.062323790332
390.550000000055,-1.072596256483
390.600000000055,-1.082027862107
390.650000000055,-1.090611213308
390.700000000055,-1.098339581180
390.750000000055,-1.105206907077
390.800000000055,-1.111207807367
390.850000000055,-1.116337577652
390.900000000055,-1.120592196456
390.950000000055,-1.123968328374
391.000000000055,-1.126463326692
391.050000000055,-1.128075235459
391.100000000055,-1.128802791022
391.150000000055,-1.128645423014
391.200000000055,-1.127603254804
391.250000000055,-1.125677103398
391.300000000055,-1.122868478799
391.350000000055,-1.119179582827
391.400000000055,-1.114613307386
391.450000000055,-1.109173232203
391.500000000055,-1.102863622018
391.550000000055,-1.095689423241
391.600000000055,-1.087656260078
391.650000000055,-1.078770430117
391.700000000055,-1.069038899393
391.750000000055,-1.058469296928
391.800000000055,-1.047069908749
391.850000000055,-1.034849671393
391.900000000055,-1.021818164899
391.950000000055,-1.007985605301
392.000000000055,-0.993362836618
392.050000000055,-0.977961322351
392.100000000055,-0.961793136499
392.150000000055,-0.944870954090
392.200000000055,-0.927208041250
392.250000000055,-0.908818244797
392.300000000055,-0.889715981390
392.350000000055,-0.869916226225
392.400000000055,-0.849434501295
392.450000000055,-0.828286863225
392.500000000055,-0.806489890678
392.550000000055,-0.784060671366
392.600000000055,-0.761016788647
392.650000000055,-0.737376307744
392.700000000055,-0.713157761585
392.750000000055,-0.688380136269
392.800000000055,-0.663062856185
392.850000000055,-0.637225768784
392.900000000055,-0.610889129018
392.950000000055,-0.584073583465
393.000000000055,-0.556800154139
393.050000000055,-0.529090222012
393.100000000055,-0.500965510250
393.150000000055,-0.472448067188
393.200000000055,-0.443560249040
393.250000000055,-0.414324702376
393.300000000055,-0.384764346367
393.350000000055,-0.354902354818
393.400000000055,-0.324762138000
393.450000000055,-0.294367324301
393.500000000055,-0.263741741698
393.550000000055,-0.232909399077
393.600000000055,-0.201894467418
393.650000000055,-0.170721260836
393.700000000055,-0.139414217531
393.750000000055,-0.107997880620
393.800000000055,-0.076496878903
393.850000000055,-0.044935907550
393.900000000055,-0.013339708747
393.950000000055,0.018266947704
394.000000000055,0.049859283803
394.050000000055,0.081412532778
394.100000000055,0.112901958497
394.150000000055,0.144302874864
394.200000000055,0.175590665167
394.250000000055,0.206740801383
394.300000000055,0.237728863400
394.350000000055,0.268530558165
394.400000000055,0.299121738726
394.450000000055,0.329478423165
394.500000000055,0.359576813396
394.550000000055,0.389393313823
394.600000000055,0.418904549837
394.650000000055,0.448087386140
394.700000000055,0.476918944883
394.750000000055,0.505376623601
394.800000000055,0.533438112931
394.850000000056,0.561081414104
394.900000000056,0.588284856187
394.950000000056,0.615027113074
395.000000000056,0.641287220207
395.050000000056,0.667044591005
395.100000000056,0.692279033010
395.150000000056,0.716970763712
395.200000000056,0.741100426059
395.250000000056,0.764649103630
395.300000000056,0.787598335469
395.350000000056,0.809930130555
395.400000000056,0.831626981902
395.450000000056,0.852671880292
395.500000000056,0.873048327601
395.550000000056,0.892740349739
395.600000000056,0.911732509170
395.650000000056,0.930009917011
395.700000000056,0.947558244713
395.750000000056,0.964363735285
395.800000000056,0.980413214083
395.850000000056,0.995694099139
395.900000000056,1.010194411020
395.950000000056,1.023902782224
396.000000000056,1.036808466092
396.050000000056,1.048901345228
396.100000000056,1.060171939434
396.150000000056,1.070611413141
396.200000000056,1.080211582337
396.250000000056,1.088964920981
396.300000000056,1.096864566904
396.350000000056,1.103904327187
396.400000000056,1.110078683021
396.450000000056,1.115382794024
396.500000000056,1.119812502048
396.550000000056,1.123364334426
396.600000000056,1.126035506705
396.650000000056,1.127823924822
396.700000000056,1.128728186749
396.750000000056,1.128747583592
396.800000000056,1.127882100143
396.850000000056,1.126132414898
396.900000000056,1.123499899520
396.950000000056,1.119986617766
397.000000000056,1.115595323870
397.050000000056,1.110329460381
397.100000000056,1.104193155466
397.150000000056,1.097191219674
397.200000000056,1.089329142163
397.250000000056,1.080613086401
397.300000000056,1.071049885328
397.350000000056,1.060647036004
397.400000000056,1.049412693730
397.450000000056,1.037355665655
397.500000000056,1.024485403872
397.550000000056,1.010811998006
397.600000000056,0.996346167307
397.650000000056,0.981099252246
397.700000000056,0.965083205623
397.750000000056,0.948310583199
397.800000000056,0.930794533850
397.850000000056,0.912548789261
397.900000000056,0.893587653163
397.950000000056,0.873925990114
398.000000000056,0.853579213851
398.050000000056,0.832563275205
398.100000000056,0.810894649595
398.150000000056,0.788590324114
398.200000000056,0.765667784210
398.250000000056,0.742144999981
398.300000000056,0.718040412085
398.350000000056,0.693372917283
398.400000000056,0.668161853629
398.450000000056,0.642426985305
398.500000000056,0.616188487130
398.550000000056,0.589466928742
398.600000000056,0.562283258474
398.650000000056,0.534658786932
398.700000000056,0.506615170286
398.750000000056,0.478174393295
398.800000000056,0.449358752072
398.850000000056,0.420190836604
398.900000000056,0.390693513042
398.950000000056,0.360889905777
399.000000000056,0.330803379310
399.050000000056,0.300457519938
399.100000000056,0.269876117260
399.150000000056,0.239083145529
399.200000000056,0.208102744857
399.250000000057,0.176959202293
399.300000000057,0.145676932778
399.350000000057,0.114280460009
399.400000000057,0.082794397213
399.450000000057,0.051243427851
399.500000000057,0.019652286265
399.550000000057,-0.011954261706
399.600000000057,-0.043551438148
399.650000000057,-0.075114472494
399.700000000057,-0.106618620940
399.750000000057,-0.138039185849
399.800000000057,-0.169351535106
399.850000000057,-0.200531121435
399.900000000057,-0.231553501635
399.950000000057,-0.262394355749
400.000000000057,-0.293029506129
400.050000000057,-0.323434936385
400.100000000057,-0.353586810217
400.150000000057,-0.383461490101
400.200000000057,-0.413035555817
400.250000000057,-0.442285822814
400.300000000057,-0.471189360379
400.350000000057,-0.499723509620
400.400000000057,-0.527865901225
400.450000000057,-0.555594473001
400.500000000057,-0.582887487167
400.550000000057,-0.609723547399
400.600000000057,-0.636081615600
400.650000000057,-0.661941028395
400.700000000057,-0.687281513328
400.750000000057,-0.712083204757
400.800000000057,-0.736326659426
400.850000000057,-0.759992871709
400.900000000057,-0.783063288507
400.950000000057,-0.805519823796
401.000000000057,-0.827344872802
401.050000000057,-0.848521325803
401.100000000057,-0.869032581547
401.150000000057,-0.888862560259
401.200000000057,-0.907995716251
401.250000000057,-0.926417050109
401.300000000057,-0.944112120450
401.350000000057,-0.961067055247
401.400000000057,-0.977268562698
401.450000000057,-0.992703941652
401.500000000057,-1.007361091562
401.550000000057,-1.021228521973
401.600000000057,-1.034295361530
401.650000000057,-1.046551366500
401.700000000057,-1.057986928803
401.750000000057,-1.068593083545
401.800000000057,-1.078361516042
401.850000000057,-1.087284568344
401.900000000057,-1.095355245235
401.950000000057,-1.102567219718
402.000000000057,-1.108914837974
402.050000000057,-1.114393123796
402.100000000057,-1.118997782488
402.150000000057,-1.122725204234
402.200000000057,-1.125572466926
402.250000000057,-1.127537338455
402.300000000057,-1.128618278463
402.350000000057,-1.128814439549
402.400000000057,-1.128125667933
402.450000000057,-1.126552503575
402.500000000057,-1.124096179756
402.550000000057,-1.120758622109
402.600000000057,-1.116542447107
402.650000000057,-1.111450960015
402.700000000057,-1.105488152300
402.750000000057,-1.098658698497
402.800000000057,-1.090967952547
402.850000000057,-1.082421943601
402.900000000057,-1.073027371294
402.950000000057,-1.062791600488
403.000000000057,-1.051722655503
403.050000000057,-1.039829213826
403.100000000057,-1.027120599305
403.150000000057,-1.013606774843
403.200000000057,-0.999298334587
403.250000000057,-0.984206495620
403.300000000057,-0.968343089172
403.350000000057,-0.951720551341
403.400000000057,-0.934351913344
403.450000000057,-0.916250791305
403.500000000057,-0.897431375576
403.550000000057,-0.877908419615
403.600000000057,-0.857697228419
403.650000000058,-0.836813646528
403.700000000058,-0.815274045599
403.750000000058,-0.793095311577
403.800000000058,-0.770294831452
403.850000000058,-0.746890479635
403.900000000058,-0.722900603937
403.950000000058,-0.698344011193
404.000000000058,-0.673239952513
404.050000000058,-0.647608108193
404.100000000058,-0.621468572288
404.150000000058,-0.594841836853
404.200000000058,-0.567748775886
404.250000000058,-0.540210628959
404.300000000058,-0.512248984568
404.350000000058,-0.483885763210
404.400000000058,-0.455143200199
404.450000000058,-0.426043828232
404.500000000058,-0.396610459725
404.550000000058,-0.366866168932
404.600000000058,-0.336834273853
404.650000000058,-0.306538317957
404.700000000058,-0.276002051720
404.750000000058,-0.245249414011
404.800000000058,-0.214304513324
404.850000000058,-0.183191608874
404.900000000058,-0.151935091587
404.950000000058,-0.120559464969
405.000000000058,-0.089089325906
405.050000000058,-0.057549345375
405.100000000058,-0.025964249105
405.150000000058,0.005641201807
405.200000000058,0.037242230305
405.250000000058,0.068814062803
405.300000000058,0.100331948599
405.350000000058,0.131771179287
405.400000000058,0.163107108120
405.450000000058,0.194315169335
405.500000000058,0.225370897409
405.550000000058,0.256249946244
405.600000000058,0.286928108245
405.650000000058,0.317381333307
405.700000000058,0.347585747659
405.750000000058,0.377517672588
405.800000000058,0.407153642999
405.850000000058,0.436470425808
405.900000000058,0.465445038159
405.950000000058,0.494054765440
406.000000000058,0.522277179091
406.050000000058,0.550090154184
406.100000000058,0.577471886772
406.150000000058,0.604400910979
406.200000000058,0.630856115829
406.250000000058,0.656816761797
406.300000000058,0.682262497065
406.350000000058,0.707173373482
406.400000000058,0.731529862195
406.450000000058,0.755312868964
406.500000000058,0.778503749132
406.550000000058,0.801084322236
406.600000000058,0.823036886262
406.650000000058,0.844344231526
406.700000000058,0.864989654159
406.750000000058,0.884956969208
406.800000000058,0.904230523321
406.850000000058,0.922795207018
406.900000000058,0.940636466539
406.950000000058,0.957740315249
407.000000000058,0.974093344607
407.050000000058,0.989682734676
407.100000000058,1.004496264173
407.150000000058,1.018522320049
407.200000000058,1.031749906595
407.250000000058,1.044168654060
407.300000000058,1.055768826783
407.350000000058,1.066541330822
407.400000000058,1.076477721086
407.450000000058,1.085570207954
407.500000000058,1.093811663382
407.550000000058,1.101195626490
407.600000000058,1.107716308631
407.650000000058,1.113368597923
407.700000000058,1.118148063261
407.750000000058,1.122050957788
407.800000000058,1.125074221837
407.850000000058,1.127215485321
407.900000000058,1.128473069602
407.950000000058,1.128845988796
408.000000000058,1.128333950554
408.050000000059,1.126937356288
408.100000000059,1.124657300857
408.150000000059,1.121495571707
408.200000000059,1.117454647471
408.250000000059,1.112537696028
408.300000000059,1.106748572016
408.350000000059,1.100091813811
408.400000000059,1.092572639970
408.450000000059,1.084196945141
408.500000000059,1.074971295440
408.550000000059,1.064902923303
408.600000000059,1.053999721818
408.650000000059,1.042270238538
408.700000000059,1.029723668776
408.750000000059,1.016369848399
408.800000000059,1.002219246120
408.850000000059,0.987282955286
408.900000000059,0.971572685183
408.950000000059,0.955100751860
409.000000000059,0.937880068467
409.050000000059,0.919924135138
409.100000000059,0.901247028406
409.150000000059,0.881863390166
409.200000000059,0.861788416197
409.250000000059,0.841037844250
409.300000000059,0.819627941711
409.350000000059,0.797575492848
409.400000000059,0.774897785650
409.450000000059,0.751612598278
409.500000000059,0.727738185126
409.550000000059,0.703293262513
409.600000000059,0.678296994004
409.650000000059,0.652768975394
409.700000000059,0.626729219342
409.750000000059,0.600198139684
409.800000000059,0.573196535426
409.850000000059,0.545745574443
409.900000000059,0.517866776883
409.950000000059,0.489581998296
410.000000000059,0.460913412498
410.050000000059,0.431883494192
410.100000000059,0.402515001348
410.150000000059,0.372830957360
410.200000000059,0.342854632998
410.250000000059,0.312609528164
410.300000000059,0.282119353473
410.350000000059,0.251408011658
410.400000000059,0.220499578839
410.450000000059,0.189418285645
410.500000000059,0.158188498216
410.550000000059,0.126834699107
410.600000000059,0.095381468091
410.650000000059,0.063853462889
410.700000000059,0.032275399843
410.750000000059,0.000672034536
410.800000000059,-0.030931857611
410.850000000059,-0.062511500766
410.900000000059,-0.094042138106
410.950000000059,-0.125499051227
411.000000000059,-0.156857579520
411.050000000059,-0.188093139505
411.100000000059,-0.219181244102
411.150000000059,-0.250097521831
411.200000000059,-0.280817735912
411.250000000059,-0.311317803272
411.300000000059,-0.341573813420
411.350000000059,-0.371562047194
411.400000000059,-0.401258995354
411.450000000059,-0.430641377014
411.500000000059,-0.459686157892
411.550000000059,-0.488370568368
411.600000000059,-0.516672121332
411.650000000059,-0.544568629817
411.700000000059,-0.572038224389
411.750000000059,-0.599059370292
411.800000000059,-0.625610884334
411.850000000059,-0.651671951485
411.900000000059,-0.677222141206
411.950000000059,-0.702241423455
412.000000000059,-0.726710184397
412.050000000059,-0.750609241776
412.100000000059,-0.773919859956
412.150000000059,-0.796623764606
412.200000000059,-0.818703157028
412.250000000059,-0.840140728108
412.300000000059,-0.860919671890
412.350000000059,-0.881023698745
412.400000000059,-0.900437048147
412.450000000060,-0.919144501023
412.500000000060,-0.937131391689
412.550000000060,-0.954383619343
412.600000000060,-0.970887659124
412.650000000060,-0.986630572708
412.700000000060,-1.001600018459
412.750000000060,-1.015784261098
412.800000000060,-1.029172180904
412.850000000060,-1.041753282434
412.900000000060,-1.053517702750
412.950000000060,-1.064456219148
413.000000000060,-1.074560256391
413.050000000060,-1.083821893433
413.100000000060,-1.092233869623
413.150000000060,-1.099789590404
413.200000000060,-1.106483132477
413.250000000060,-1.112309248448
413.300000000060,-1.117263370941
413.350000000060,-1.121341616178
413.400000000060,-1.124540787022
413.450000000060,-1.126858375488
413.500000000060,-1.128292564706
413.550000000060,-1.128842230344
413.600000000060,-1.128506941493
413.650000000060,-1.127286961002
413.700000000060,-1.125183245273
413.750000000060,-1.122197443511
413.800000000060,-1.118331896433
413.850000000060,-1.113589634429
413.900000000060,-1.107974375190
413.950000000060,-1.101490520791
414.000000000060,-1.094143154242
414.050000000060,-1.085938035502
414.100000000060,-1.076881596964
414.150000000060,-1.066980938411
414.200000000060,-1.056243821454
414.250000000060,-1.044678663442
414.300000000060,-1.032294530866
414.350000000060,-1.019101132252
414.400000000060,-1.005108810548
414.450000000060,-0.990328535019
414.500000000060,-0.974771892643
414.550000000060,-0.958451079031
414.600000000060,-0.941378888864
414.650000000060,-0.923568705867
414.700000000060,-0.905034492309
414.750000000060,-0.885790778065
414.800000000060,-0.865852649221
414.850000000060,-0.845235736249
414.900000000060,-0.823956201753
414.950000000060,-0.802030727798
415.000000000060,-0.779476502832
415.050000000060,-0.756311208213
415.100000000060,-0.732553004344
415.150000000060,-0.708220516442
415.200000000060,-0.683332819930
415.250000000060,-0.657909425487
415.300000000060,-0.631970263753
415.350000000060,-0.605535669702
415.400000000060,-0.578626366701
415.450000000060,-0.551263450266
415.500000000060,-0.523468371521
415.550000000060,-0.495262920386
415.600000000060,-0.466669208488
415.650000000060,-0.437709651833
415.700000000060,-0.408406953231
415.750000000060,-0.378784084496
415.800000000060,-0.348864268440
415.850000000060,-0.318670960667
415.900000000060,-0.288227831183
415.950000000060,-0.257558745842
416.000000000060,-0.226687747637
416.050000000060,-0.195639037848
416.100000000060,-0.164436957074
416.150000000060,-0.133105966149
416.200000000060,-0.101670626963
416.250000000060,-0.070155583214
416.300000000060,-0.038585541081
416.350000000060,-0.006985249860
416.400000000060,0.024620517439
416.450000000060,0.056206983514
416.500000000060,0.087749386192
416.550000000060,0.119222997846
416.600000000060,0.150603144777
416.650000000060,0.181865226556
416.700000000060,0.212984735312
416.750000000060,0.243937274945
416.800000000060,0.274698580249
416.850000000061,0.305244535936
416.900000000061,0.335551195541
416.950000000061,0.365594800196
417.000000000061,0.395351797254
417.050000000061,0.424798858752
417.100000000061,0.453912899703
417.150000000061,0.482671096190
417.200000000061,0.511050903261
417.250000000061,0.539030072599
417.300000000061,0.566586669969
417.350000000061,0.593699092411
417.400000000061,0.620346085173
417.450000000061,0.646506758379
417.500000000061,0.672160603401
417.550000000061,0.697287508937
417.600000000061,0.721867776781
417.650000000061,0.745882137263
417.700000000061,0.769311764353
417.750000000061,0.792138290424
417.800000000061,0.814343820648
417.850000000061,0.835910947028
417.900000000061,0.856822762040
417.950000000061,0.877062871894
418.000000000061,0.896615409379
418.050000000061,0.915465046308
418.100000000061,0.933597005531
418.150000000061,0.950997072520
418.200000000061,0.967651606515
418.250000000061,0.983547551213
418.300000000061,0.998672445008
418.350000000061,1.013014430758
418.400000000061,1.026562265081
418.450000000061,1.039305327169
418.500000000061,1.051233627114
418.550000000061,1.062337813739
418.600000000061,1.072609181931
418.650000000061,1.082039679463
418.700000000061,1.090621913309
418.750000000061,1.098349155437
418.800000000061,1.105215348084
418.850000000061,1.111215108507
418.900000000061,1.116343733202
418.950000000061,1.120597201589
419.000000000061,1.123972179166
419.050000000061,1.126466020126
419.100000000061,1.128076769423
419.150000000061,1.128803164312
419.200000000061,1.128644635339
419.250000000061,1.127601306780
419.300000000061,1.125673996553
419.350000000061,1.122864215569
419.400000000061,1.119174166554
419.450000000061,1.114606742316
419.500000000061,1.109165523482
419.550000000061,1.102854775689
419.600000000061,1.095679446240
419.650000000061,1.087645160226
419.700000000061,1.078758216116
419.750000000061,1.069025580818
419.800000000061,1.058454884221
419.850000000061,1.047054413208
419.900000000061,1.034833105165
419.950000000061,1.021800540972
420.000000000061,1.007966937492
420.050000000061,0.993343139560
420.100000000061,0.977940611486
420.150000000061,0.961771428063
420.200000000061,0.944848265103
420.250000000061,0.927184389497
420.300000000061,0.908793648821
420.350000000061,0.889690460472
420.400000000061,0.869889800372
420.450000000061,0.849407191225
420.500000000061,0.828258690346
420.550000000061,0.806460877077
420.600000000061,0.784030839788
420.650000000061,0.760986162478
420.700000000061,0.737344910995
420.750000000061,0.713125618868
420.800000000061,0.688347272782
420.850000000061,0.663029297692
420.900000000061,0.637191541592
420.950000000061,0.610854259961
421.000000000061,0.584038099878
421.050000000061,0.556764083839
421.100000000061,0.529053593276
421.150000000061,0.500928351794
421.200000000061,0.472410408142
421.250000000062,0.443522118926
421.300000000062,0.414286131087
421.350000000062,0.384725364140
421.400000000062,0.354862992214
421.450000000062,0.324722425877
421.500000000062,0.294327293792
421.550000000062,0.263701424183
421.600000000062,0.232868826164
421.650000000062,0.201853670914
421.700000000062,0.170680272724
421.750000000062,0.139373069942
421.800000000062,0.107956605813
421.850000000062,0.076455509234
421.900000000062,0.044894475452
421.950000000062,0.013298246701
422.000000000062,-0.018308407195
422.050000000062,-0.049900708237
422.100000000062,-0.081453889680
422.150000000062,-0.112943215445
422.200000000062,-0.144343999515
422.250000000062,-0.175631625282
422.300000000062,-0.206781564850
422.350000000062,-0.237769398264
422.400000000062,-0.268570832647
422.450000000062,-0.299161721254
422.500000000062,-0.329518082395
422.550000000062,-0.359616118236
422.600000000062,-0.389432233461
422.650000000062,-0.418943053761
422.700000000062,-0.448125444166
422.750000000062,-0.476956527175
422.800000000062,-0.505413700697
422.850000000062,-0.533474655764
422.900000000062,-0.561117394026
422.950000000062,-0.588320244992
423.000000000062,-0.615061883019
423.050000000062,-0.641321344034
423.100000000062,-0.667078041963
423.150000000062,-0.692311784875
423.200000000062,-0.717002790808
423.250000000062,-0.741131703277
423.300000000062,-0.764679606452
423.350000000062,-0.787628039983
423.400000000062,-0.809959013472
423.450000000062,-0.831655020581
423.500000000062,-0.852699052752
423.550000000062,-0.873074612540
423.600000000062,-0.892765726551
423.650000000062,-0.911756957959
423.700000000062,-0.930033418613
423.750000000062,-0.947580780703
423.800000000062,-0.964385287996
423.850000000062,-0.980433766619
423.900000000062,-0.995713635387
423.950000000062,-1.010212915665
424.000000000062,-1.023920240760
424.050000000062,-1.036824864832
424.100000000062,-1.048916671315
424.150000000062,-1.060186180854
424.200000000062,-1.070624558730
424.250000000062,-1.080223621790
424.300000000062,-1.088975844859
424.350000000062,-1.096874366642
424.400000000062,-1.103912995105
424.450000000062,-1.110086212321
424.500000000062,-1.115389178806
424.550000000062,-1.119817737305
424.600000000062,-1.123368416054
424.650000000062,-1.126038431505
424.700000000062,-1.127825690501
424.750000000062,-1.128728791922
424.800000000062,-1.128747027785
424.850000000062,-1.127880383792
424.900000000062,-1.126129539348
424.950000000062,-1.123495867025
425.000000000062,-1.119981431489
425.050000000062,-1.115588987875
425.100000000062,-1.110321979636
425.150000000062,-1.104184535835
425.200000000062,-1.097181467914
425.250000000062,-1.089318265920
425.300000000062,-1.080601094201
425.350000000062,-1.071036786572
425.400000000062,-1.060632840960
425.450000000062,-1.049397413528
425.500000000062,-1.037339312273
425.550000000062,-1.024467990129
425.600000000062,-1.010793537555
425.650000000063,-0.996326674620
425.700000000063,-0.981078742604
425.750000000063,-0.965061695105
425.800000000063,-0.948288088667
425.850000000063,-0.930771072939
425.900000000063,-0.912524380364
425.950000000063,-0.893562315414
426.000000000063,-0.873899743378
426.050000000063,-0.853552078703
426.100000000063,-0.832535272918
426.150000000063,-0.810865802121
426.200000000063,-0.788560654068
426.250000000063,-0.765637314852
426.300000000063,-0.742113755197
426.350000000063,-0.718008416370
426.400000000063,-0.693340195720
426.450000000063,-0.668128431870
426.500000000063,-0.642392889550
426.550000000063,-0.616153744109
426.600000000063,-0.589431565691
426.650000000063,-0.562247303117
426.700000000063,-0.534622267456
426.750000000063,-0.506578115320
426.800000000063,-0.478136831888
426.850000000063,-0.449320713671
426.900000000063,-0.420152351028
426.950000000063,-0.390654610462
427.000000000063,-0.360850616691
427.050000000063,-0.330763734520
427.100000000063,-0.300417550522
427.150000000063,-0.269835854552
427.200000000063,-0.239042621092
427.250000000063,-0.208061990462
427.300000000063,-0.176918249888
427.350000000063,-0.145635814468
427.400000000063,-0.114239208029
427.450000000063,-0.082753043902
427.500000000063,-0.051202005628
427.550000000063,-0.019610827603
427.600000000063,0.011995724306
427.650000000063,0.043592872181
427.700000000063,0.075155845478
427.750000000063,0.106659900441
427.800000000063,0.138080339505
427.850000000063,0.169392530656
427.900000000063,0.200571926739
427.950000000063,0.231594084704
428.000000000063,0.262434684770
428.050000000063,0.293069549484
428.100000000063,0.323474662683
428.150000000063,0.353626188314
428.200000000063,0.383500489127
428.250000000063,0.413074145199
428.300000000063,0.442323972299
428.350000000063,0.471227040060
428.400000000063,0.499760689958
428.450000000063,0.527902553073
428.500000000063,0.555630567626
428.550000000063,0.582922996273
428.600000000063,0.609758443148
428.650000000063,0.636115870636
428.700000000063,0.661974615863
428.750000000063,0.687314406897
428.800000000063,0.712115378641
428.850000000063,0.736358088402
428.900000000063,0.760023531138
428.950000000063,0.783093154354
429.000000000063,0.805548872648
429.050000000063,0.827373081885
429.100000000063,0.848548673004
429.150000000063,0.869059045426
429.200000000063,0.888888120070
429.250000000063,0.908020351957
429.300000000063,0.926440742396
429.350000000063,0.944134850746
429.400000000063,0.961088805731
429.450000000063,0.977289316319
429.500000000063,0.992723682140
429.550000000063,1.007379803442
429.600000000063,1.021246190576
429.650000000063,1.034311973005
429.700000000063,1.046566907824
429.750000000063,1.058001387792
429.800000000063,1.068606448864
429.850000000063,1.078373777213
429.900000000063,1.087295715756
429.950000000063,1.095365270149
430.000000000063,1.102576114274
430.050000000064,1.108922595200
430.100000000064,1.114399737610
430.150000000064,1.119003247705
430.200000000064,1.122729516570
430.250000000064,1.125575623000
430.300000000064,1.127539335793
430.350000000064,1.128619115500
430.400000000064,1.128814115628
430.450000000064,1.128124183307
430.500000000064,1.126549859409
430.550000000064,1.124092378123
430.600000000064,1.120753665989
430.650000000064,1.116536340385
430.700000000064,1.111443707480
430.750000000064,1.105479759636
430.800000000064,1.098649172283
430.850000000064,1.090957300252
430.900000000064,1.082410173576
430.950000000064,1.073014492765
431.000000000064,1.062777623552
431.050000000064,1.051707591118
431.100000000064,1.039813073800
431.150000000064,1.027103396292
431.200000000064,1.013588522329
431.250000000064,0.999279046881
431.300000000064,0.984186187843
431.350000000064,0.968321777244
431.400000000064,0.951698251969
431.450000000064,0.934328644010
431.500000000064,0.916226570251
431.550000000064,0.897406221789
431.600000000064,0.877882352816
431.650000000064,0.857670269042
431.700000000064,0.836785815708
431.750000000064,0.815245365154
431.800000000064,0.793065803991
431.850000000064,0.770264519858
431.900000000064,0.746859387794
431.950000000064,0.722868756225
432.000000000064,0.698311432576
432.050000000064,0.673206668532
432.100000000064,0.647574144941
432.150000000064,0.621433956389
432.200000000064,0.594806595445
432.250000000064,0.567712936597
432.300000000064,0.540174219884
432.350000000064,0.512212034251
432.400000000064,0.483848300618
432.450000000064,0.455105254700
432.500000000064,0.426005429573
432.550000000064,0.396571638010
432.600000000064,0.366826954594
432.650000000064,0.336794697635
432.700000000064,0.306498410884
432.750000000064,0.275961845077
432.800000000064,0.245208939319
432.850000000064,0.214263802312
432.900000000064,0.183150693458
432.950000000064,0.151894003842
433.000000000064,0.120518237106
433.050000000064,0.089047990246
433.100000000064,0.057507934323
433.150000000064,0.025922795124
433.200000000064,-0.005682666218
433.250000000064,-0.037283672641
433.300000000064,-0.068855450574
433.350000000064,-0.100373249361
433.400000000064,-0.131812360661
433.450000000064,-0.163148137822
433.500000000064,-0.194356015200
433.550000000064,-0.225411527416
433.600000000064,-0.256290328541
433.650000000064,-0.286968211175
433.700000000064,-0.317421125430
433.750000000064,-0.347625197781
433.800000000064,-0.377556749782
433.850000000064,-0.407192316630
433.900000000064,-0.436508665558
433.950000000064,-0.465482814051
434.000000000064,-0.494092047859
434.050000000064,-0.522313938809
434.100000000064,-0.550126362384
434.150000000064,-0.577507515068
434.200000000064,-0.604435931440
434.250000000064,-0.630890501001
434.300000000064,-0.656850484724
434.350000000064,-0.682295531311
434.400000000064,-0.707205693148
434.450000000065,-0.731561441945
434.500000000065,-0.755343684042
434.550000000065,-0.778533775379
434.600000000065,-0.801113536113
434.650000000065,-0.823065264868
434.700000000065,-0.844371752612
434.750000000065,-0.865016296151
434.800000000065,-0.884982711220
434.850000000065,-0.904255345172
434.900000000065,-0.922819089250
434.950000000065,-0.940659390428
435.000000000065,-0.957762262825
435.050000000065,-0.974114298665
435.100000000065,-0.989702678788
435.150000000065,-1.004515182704
435.200000000065,-1.018540198167
435.250000000065,-1.031766730286
435.300000000065,-1.044184410134
435.350000000065,-1.055783502888
435.400000000065,-1.066554915453
435.450000000065,-1.076490203594
435.500000000065,-1.085581578552
435.550000000065,-1.093821913157
435.600000000065,-1.101204747407
435.650000000065,-1.107724293539
435.700000000065,-1.113375440562
435.750000000065,-1.118153758267
435.800000000065,-1.122055500697
435.850000000065,-1.125077609087
435.900000000065,-1.127217714257
435.950000000065,-1.128474138476
436.000000000065,-1.128845896770
436.050000000065,-1.128332697701
436.100000000065,-1.126934943590
436.150000000065,-1.124653730205
436.200000000065,-1.121490845900
436.250000000065,-1.117448770214
436.300000000065,-1.112530671929
436.350000000065,-1.106740406581
436.400000000065,-1.100082513441
436.450000000065,-1.092562211956
436.500000000065,-1.084185397659
436.550000000065,-1.074958637542
436.600000000065,-1.064889164912
436.650000000065,-1.053984873721
436.700000000065,-1.042254312373
436.750000000065,-1.029706677030
436.800000000065,-1.016351804393
436.850000000065,-1.002200163998
436.900000000065,-0.987262850008
436.950000000065,-0.971551572511
437.000000000065,-0.955078648344
437.050000000065,-0.937856991436
437.100000000065,-0.919900102684
437.150000000065,-0.901222059368
437.200000000065,-0.881837504119
437.250000000065,-0.861761633434
437.300000000065,-0.841010185768
437.350000000065,-0.819599429192
437.400000000065,-0.797546148645
437.450000000065,-0.774867632766
437.500000000065,-0.751581660353
437.550000000065,-0.727706486414
437.600000000065,-0.703260827862
437.650000000065,-0.678263848843
437.700000000065,-0.652735145706
437.750000000065,-0.626694731649
437.800000000065,-0.600163021021
437.850000000065,-0.573160813325
437.900000000065,-0.545709276909
437.950000000065,-0.517829932371
438.000000000065,-0.489544635689
438.050000000065,-0.460875561087
438.100000000065,-0.431845183652
438.150000000065,-0.402476261711
438.200000000065,-0.372791818996
438.250000000065,-0.342815126590
438.300000000065,-0.312569684683
438.350000000065,-0.282079204153
438.400000000065,-0.251367587976
438.450000000065,-0.220458912484
438.500000000065,-0.189377408497
438.550000000065,-0.158147442321
438.600000000065,-0.126793496651
438.650000000065,-0.095340151374
438.700000000065,-0.063812064302
438.750000000065,-0.032233951840
438.800000000065,-0.000630569610
438.850000000066,0.030973306953
438.900000000066,0.062552902031
438.950000000066,0.094083458837
439.000000000066,0.125540259031
439.050000000066,0.156898642092
439.100000000066,0.188134024653
439.150000000066,0.219221919776
439.200000000066,0.250137956142
439.250000000066,0.280857897162
439.300000000066,0.311357659977
439.350000000066,0.341613334333
439.400000000066,0.371601201334
439.450000000066,0.401297752025
439.500000000066,0.430679705834
439.550000000066,0.459724028813
439.600000000066,0.488407951700
439.650000000066,0.516708987769
439.700000000066,0.544604950458
439.750000000066,0.572073970760
439.800000000066,0.599094514371
439.850000000066,0.625645398568
439.900000000066,0.651705808818
439.950000000066,0.677255315094
440.000000000066,0.702273887893
440.050000000066,0.726741913934
440.100000000066,0.750640211538
440.150000000066,0.773950045663
440.200000000066,0.796653142595
440.250000000066,0.818731704268
440.300000000066,0.840168422220
440.350000000066,0.860946491162
440.400000000066,0.881049622153
440.450000000066,0.900462055367
440.500000000066,0.919168572452
440.550000000066,0.937154508456
440.600000000066,0.954405763326
440.650000000066,0.970908812962
440.700000000066,0.986650719819
440.750000000066,1.001619143048
440.800000000066,1.015802348172
440.850000000066,1.029189216284
440.900000000066,1.041769252765
440.950000000066,1.053532595512
441.000000000066,1.064470022666
441.050000000066,1.074572959844
441.100000000066,1.083833486862
441.150000000066,1.092244343939
441.200000000066,1.099798937396
441.250000000066,1.106491344817
441.300000000066,1.112316319699
441.350000000066,1.117269295559
441.400000000066,1.121346389517
441.450000000066,1.124544405342
441.500000000066,1.126860835952
441.550000000066,1.128293865384
441.600000000066,1.128842370217
441.650000000066,1.128505920451
441.700000000066,1.127284779846
441.750000000066,1.125179905713
441.800000000066,1.122192948165
441.850000000066,1.118326248825
441.900000000066,1.113582838986
441.950000000066,1.107966437239
442.000000000066,1.101481446556
442.050000000066,1.094132950836
442.100000000066,1.085926710924
442.150000000066,1.076869160092
442.200000000066,1.066967398996
442.250000000066,1.056229190109
442.300000000066,1.044662951637
442.350000000066,1.032277750919
442.400000000066,1.019083297317
442.450000000066,1.005089934607
442.500000000066,0.990308632870
442.550000000066,0.974750979887
442.600000000066,0.958429172064
442.650000000066,0.941356004860
442.700000000066,0.923544862765
442.750000000066,0.905009708801
442.800000000066,0.885765073580
442.850000000066,0.865826043910
442.900000000066,0.845208250970
442.950000000066,0.823927858052
443.000000000066,0.802001547895
443.050000000066,0.779446509603
443.100000000066,0.756280425171
443.150000000066,0.732521455622
443.200000000066,0.708188226772
443.250000000067,0.683299814625
443.300000000067,0.657875730423
443.350000000067,0.631935905344
443.400000000067,0.605500674883
443.450000000067,0.578590762906
443.500000000067,0.551227265407
443.550000000067,0.523431633966
443.600000000067,0.495225658934
443.650000000067,0.466631452350
443.700000000067,0.437671430609
443.750000000067,0.408368296884
443.800000000067,0.378745023331
443.850000000067,0.348824833078
443.900000000067,0.318631182024
443.950000000067,0.288187740443
444.000000000067,0.257518374434
444.050000000067,0.226647127210
444.100000000067,0.195598200247
444.150000000067,0.164395934314
444.200000000067,0.133064790388
444.250000000067,0.101629330483
444.300000000067,0.070114198387
444.350000000067,0.038544100352
444.400000000067,0.006943785716
444.450000000067,-0.024661972492
444.500000000067,-0.056248396977
444.550000000067,-0.087790725600
444.600000000067,-0.119264230791
444.650000000067,-0.150644238933
444.700000000067,-0.181906149708
444.750000000067,-0.213025455379
444.800000000067,-0.243977760004
444.850000000067,-0.274738798562
444.900000000067,-0.305284455974
444.950000000067,-0.335590786009
445.000000000067,-0.365634030057
445.050000000067,-0.395390635753
445.100000000067,-0.424837275442
445.150000000067,-0.453950864468
445.200000000067,-0.482708579267
445.250000000067,-0.511087875265
445.300000000067,-0.539066504546
445.350000000067,-0.566622533298
445.400000000067,-0.593734359007
445.450000000067,-0.620380727390
445.500000000067,-0.646540749058
445.550000000067,-0.672193915895
445.600000000067,-0.697320117131
445.650000000067,-0.721899655112
445.700000000067,-0.745913260740
445.750000000067,-0.769342108576
445.800000000067,-0.792167831605
445.850000000067,-0.814372535630
445.900000000067,-0.835938813298
445.950000000067,-0.856849757753
446.000000000067,-0.877088975886
446.050000000067,-0.896640601187
446.100000000067,-0.915489306182
446.150000000067,-0.933620314453
446.200000000067,-0.951019412217
446.250000000067,-0.967672959473
446.300000000067,-0.983567900693
446.350000000067,-0.998691775057
446.400000000067,-1.013032726222
446.450000000067,-1.026579511618
446.500000000067,-1.039321511258
446.550000000067,-1.051248736067
446.600000000067,-1.062351835712
446.650000000067,-1.072622105932
446.700000000067,-1.082051495360
446.750000000067,-1.090632611839
446.800000000067,-1.098358728212
446.850000000067,-1.105223787600
446.900000000067,-1.111222408148
446.950000000067,-1.116349887245
447.000000000067,-1.120602205210
447.050000000067,-1.123976028443
447.100000000067,-1.126468712039
447.150000000067,-1.128078301864
447.200000000067,-1.128803536080
447.250000000067,-1.128643846141
447.300000000067,-1.127599357235
447.350000000067,-1.125670888189
447.400000000067,-1.122859950824
447.450000000067,-1.119168748770
447.500000000067,-1.114600175741
447.550000000067,-1.109157813264
447.600000000067,-1.102845927873
447.650000000068,-1.095669467761
447.700000000068,-1.087634058907
447.750000000068,-1.078746000660
447.800000000068,-1.069012260801
447.850000000068,-1.058440470085
447.900000000068,-1.047038916254
447.950000000068,-1.034816537541
448.000000000068,-1.021782915667
448.050000000068,-1.007948268322
448.100000000068,-0.993323441162
448.150000000068,-0.977919899302
448.200000000068,-0.961749718330
448.250000000068,-0.944825574840
448.300000000068,-0.927160736493
448.350000000068,-0.908769051618
448.400000000068,-0.889664938353
448.450000000068,-0.869863373346
448.500000000068,-0.849379880008
448.550000000068,-0.828230516349
448.600000000068,-0.806431862388
448.650000000068,-0.784001007152
448.700000000068,-0.760955535283
448.750000000068,-0.737313513250
448.800000000068,-0.713093475188
448.850000000068,-0.688314408367
448.900000000068,-0.662995738304
448.950000000068,-0.637157313541
449.000000000068,-0.610819390080
449.050000000068,-0.584002615503
449.100000000068,-0.556728012788
449.150000000068,-0.529016963827
449.200000000068,-0.500891192662
449.250000000068,-0.472372748458
449.300000000068,-0.443483988214
449.350000000068,-0.414247559239
449.400000000068,-0.384686381395
449.450000000068,-0.354823629131
449.500000000068,-0.324682713316
449.550000000068,-0.294287262885
449.600000000068,-0.263661106312
449.650000000068,-0.232828252937
449.700000000068,-0.201812874137
449.750000000068,-0.170639284381
449.800000000068,-0.139331922166
449.850000000068,-0.107915330860
449.900000000068,-0.076414139463
449.950000000068,-0.044853043294
450.000000000068,-0.013256784636
450.050000000068,0.018349866662
450.100000000068,0.049942132604
450.150000000068,0.081495246472
450.200000000068,0.112984472241
450.250000000068,0.144385123971
450.300000000068,0.175672585159
450.350000000068,0.206822328038
450.400000000068,0.237809932806
450.450000000068,0.268611106767
450.500000000068,0.299201703378
450.550000000068,0.329557741179
450.600000000068,0.359655422591
450.650000000068,0.389471152574
450.700000000068,0.418981557121
450.750000000068,0.448163501588
450.800000000068,0.476994108824
450.850000000068,0.505450777111
450.900000000068,0.533511197877
450.950000000068,0.561153373191
451.000000000068,0.588355633003
451.050000000068,0.615096652134
451.100000000068,0.641355466995
451.150000000068,0.667111492020
451.200000000068,0.692344535805
451.250000000068,0.717034816935
451.300000000068,0.741162979496
451.350000000068,0.764710108243
451.400000000068,0.787657743434
451.450000000068,0.809987895297
451.500000000068,0.831683058139
451.550000000068,0.852726224061
451.600000000068,0.873100896300
451.650000000068,0.892791102157
451.700000000068,0.911781405519
451.750000000068,0.930056918960
451.800000000068,0.947603315414
451.850000000068,0.964406839406
451.900000000068,0.980454317832
451.950000000068,0.995733170291
452.000000000068,1.010231418947
452.050000000069,1.023937697914
452.100000000069,1.036841262172
452.150000000069,1.048931995988
452.200000000069,1.060200420845
452.250000000069,1.070637702875
452.300000000069,1.080235659785
452.350000000069,1.088986767267
452.400000000069,1.096884164901
452.450000000069,1.103921661532
452.500000000069,1.110093740124
452.550000000069,1.115395562082
452.600000000069,1.119822971050
452.650000000069,1.123372496167
452.700000000069,1.126041354785
452.750000000069,1.127827454657
452.800000000069,1.128729395572
452.850000000069,1.128746470454
452.900000000069,1.127878665918
452.950000000069,1.126126662278
453.000000000069,1.123491833015
453.050000000069,1.119976243700
453.100000000069,1.115582650375
453.150000000069,1.110314497392
453.200000000069,1.104175914713
453.250000000069,1.097171714674
453.300000000069,1.089307388207
453.350000000069,1.080589100542
453.400000000069,1.071023686370
453.450000000069,1.060618644486
453.500000000069,1.049382131909
453.550000000069,1.037322957491
453.600000000069,1.024450575005
453.650000000069,1.010775075741
453.700000000069,0.996307180589
453.750000000069,0.981058231639
453.800000000069,0.965040183285
453.850000000069,0.948265592856
453.900000000069,0.930747610773
453.950000000069,0.912499970236
454.000000000069,0.893536976460
454.050000000069,0.873873495462
454.100000000069,0.853524942403
454.150000000069,0.832507269507
454.200000000069,0.810836953553
454.250000000069,0.788530982958
454.300000000069,0.765606844461
454.350000000069,0.742082509413
454.400000000069,0.717976419686
454.450000000069,0.693307473221
454.500000000069,0.668095009208
454.550000000069,0.642358792928
454.600000000069,0.616119000256
454.650000000069,0.589396201846
454.700000000069,0.562211347002
454.750000000069,0.534585747258
454.800000000069,0.506541059670
454.850000000069,0.478099269836
454.900000000069,0.449282674663
454.950000000069,0.420113864886
455.000000000069,0.390615707356
455.050000000069,0.360811327119
455.100000000069,0.330724089283
455.150000000069,0.300377580700
455.200000000069,0.269795591479
455.250000000069,0.239002096333
455.300000000069,0.208021235786
455.350000000069,0.176877297245
455.400000000069,0.145594695962
455.450000000069,0.114197955895
455.500000000069,0.082711690480
455.550000000069,0.051160583335
455.600000000069,0.019569368914
455.650000000069,-0.012037186889
455.700000000069,-0.043634306155
455.750000000069,-0.075197218360
455.800000000069,-0.106701179797
455.850000000069,-0.138121492975
455.900000000069,-0.169433525977
455.950000000069,-0.200612731772
456.000000000069,-0.231634667461
456.050000000069,-0.262475013436
456.100000000069,-0.293109592444
456.150000000069,-0.323514388544
456.200000000069,-0.353665565934
456.250000000069,-0.383539487635
456.300000000069,-0.413112734023
456.350000000069,-0.442362121187
456.400000000069,-0.471264719106
456.450000000070,-0.499797869623
456.500000000070,-0.527939204210
456.550000000070,-0.555666661502
456.600000000070,-0.582958504592
456.650000000070,-0.609793338074
456.700000000070,-0.636150124813
456.750000000070,-0.662008202437
456.800000000070,-0.687347299539
456.850000000070,-0.712147551564
456.900000000070,-0.736389516384
456.950000000070,-0.760054189542
457.000000000070,-0.783123019145
457.050000000070,-0.805577920413
457.100000000070,-0.827401289852
457.150000000070,-0.848576019060
457.200000000070,-0.869085508133
457.250000000070,-0.888913678682
457.300000000070,-0.908044986437
457.350000000070,-0.926464433433
457.400000000070,-0.944157579767
457.450000000070,-0.961110554918
457.500000000070,-0.977310068622
457.550000000070,-0.992743421289
457.600000000070,-1.007398513963
457.650000000070,-1.021263857801
457.700000000070,-1.034328583084
457.750000000070,-1.046582447735
457.800000000070,-1.058015845354
457.850000000070,-1.068619812741
457.900000000070,-1.078386036930
457.950000000070,-1.087306861701
458.000000000070,-1.095375293584
458.050000000070,-1.102585007342
458.100000000070,-1.108930350929
458.150000000070,-1.114406349920
458.200000000070,-1.119008711413
458.250000000070,-1.122733827391
458.300000000070,-1.125578777555
458.350000000070,-1.127541331610
458.400000000070,-1.128619951013
458.450000000070,-1.128813790183
458.500000000070,-1.128122697159
458.550000000070,-1.126547213723
458.600000000070,-1.124088574973
458.650000000070,-1.120748708356
458.700000000070,-1.116530232157
458.750000000070,-1.111436453444
458.800000000070,-1.105471365479
458.850000000070,-1.098639644587
458.900000000070,-1.090946646485
458.950000000070,-1.082398402090
459.000000000070,-1.073001612789
459.050000000070,-1.062763645182
459.100000000070,-1.051692525313
459.150000000070,-1.039796932371
459.200000000070,-1.027086191893
459.250000000070,-1.013570268447
459.300000000070,-0.999259757826
459.350000000070,-0.984165878737
459.400000000070,-0.968300464009
459.450000000070,-0.951675951312
459.500000000070,-0.934305373415
459.550000000070,-0.916202347960
459.600000000070,-0.897381066792
459.650000000070,-0.877856284832
459.700000000070,-0.857643308508
459.750000000070,-0.836757983759
459.800000000070,-0.815216683609
459.850000000070,-0.793036295334
459.900000000070,-0.770234207224
459.950000000070,-0.746828294946
460.000000000070,-0.722836907538
460.050000000070,-0.698278853018
460.100000000070,-0.673173383643
460.150000000070,-0.647540180815
460.200000000070,-0.621399339652
460.250000000070,-0.594771353235
460.300000000070,-0.567677096541
460.350000000070,-0.540137810080
460.400000000070,-0.512175083242
460.450000000070,-0.483810837372
460.500000000070,-0.455067308587
460.550000000070,-0.425967030340
460.600000000070,-0.396532815759
460.650000000070,-0.366787739762
460.700000000070,-0.336755120963
460.750000000070,-0.306458503397
460.800000000070,-0.275921638062
460.850000000071,-0.245168464296
460.900000000071,-0.214223091011
460.950000000071,-0.183109777795
461.000000000071,-0.151852915892
461.050000000071,-0.120477009081
461.100000000071,-0.089006654466
461.150000000071,-0.057466523192
461.200000000071,-0.025881341108
461.250000000071,0.005724130622
461.300000000071,0.037325114927
461.350000000071,0.068896838253
461.400000000071,0.100414549987
461.450000000071,0.131853541857
461.500000000071,0.163189167304
461.550000000071,0.194396860803
461.600000000071,0.225452157119
461.650000000071,0.256330710492
461.700000000071,0.287008313717
461.750000000071,0.317460917125
461.800000000071,0.347664647434
461.850000000071,0.377595826467
461.900000000071,0.407230989712
461.950000000071,0.436546904720
462.000000000071,0.465520589314
462.050000000071,0.494129329611
462.100000000071,0.522350697822
462.150000000071,0.550162569841
462.200000000071,0.577543142584
462.250000000071,0.604470951086
462.300000000071,0.630924885323
462.350000000071,0.656884206765
462.400000000071,0.682328564636
462.450000000071,0.707238011860
462.500000000071,0.731593020708
462.550000000071,0.755374498100
462.600000000071,0.778563800575
462.650000000071,0.801142748909
462.700000000071,0.823093642363
462.750000000071,0.844399272559
462.800000000071,0.865042936976
462.850000000071,0.885008452038
462.900000000071,0.904280165804
462.950000000071,0.922842970237
463.000000000071,0.940682313049
463.050000000071,0.957784209109
463.100000000071,0.974135251408
463.150000000071,0.989722621564
463.200000000071,1.004534099879
463.250000000071,1.018558074911
463.300000000071,1.031783552584
463.350000000071,1.044200164799
463.400000000071,1.055798177569
463.450000000071,1.066568498646
463.500000000071,1.076502684649
463.550000000071,1.085592947686
463.600000000071,1.093832161456
463.650000000071,1.101213866838
463.700000000071,1.107732276952
463.750000000071,1.113382281699
463.800000000071,1.118159451764
463.850000000071,1.122060042092
463.900000000071,1.125080994819
463.950000000071,1.127219941672
464.000000000071,1.128475205827
464.050000000071,1.128845803221
464.100000000071,1.128331443325
464.150000000071,1.126932529371
464.200000000071,1.124650158035
464.250000000071,1.121486118579
464.300000000071,1.117442891450
464.350000000071,1.112523646328
464.400000000071,1.106732239652
464.450000000071,1.100073211586
464.500000000071,1.092551782469
464.550000000071,1.084173848714
464.600000000071,1.074945978193
464.650000000071,1.064875405084
464.700000000071,1.053970024201
464.750000000071,1.042238384803
464.800000000071,1.029689683894
464.850000000071,1.016333759014
464.900000000071,1.002181080524
464.950000000071,0.987242743398
465.000000000071,0.971530458528
465.050000000071,0.955056543541
465.100000000071,0.937833913141
465.150000000071,0.919876068989
465.200000000071,0.901197089115
465.250000000072,0.881811616882
465.300000000072,0.861734849509
465.350000000072,0.840982526151
465.400000000072,0.819570915568
465.450000000072,0.797516803365
465.500000000072,0.774837478838
465.550000000072,0.751550721414
465.600000000072,0.727674786719
465.650000000072,0.703228392263
465.700000000072,0.678230702766
465.750000000072,0.652701315138
465.800000000072,0.626660243110
465.850000000072,0.600127901549
465.900000000072,0.573125090451
465.950000000072,0.545672978639
466.000000000072,0.517793087160
466.050000000072,0.489507272422
466.100000000072,0.460837709055
466.150000000072,0.431806872529
466.200000000072,0.402437521531
466.250000000072,0.372752680130
466.300000000072,0.342775619719
466.350000000072,0.312529840780
466.400000000072,0.282039054454
466.450000000072,0.251327163954
466.500000000072,0.220418245831
466.550000000072,0.189336531094
466.600000000072,0.158106386213
466.650000000072,0.126752294024
466.700000000072,0.095298834529
466.750000000072,0.063770665629
466.800000000072,0.032192503793
466.850000000072,0.000589104683
466.900000000072,-0.031014756254
466.950000000072,-0.062594303212
467.000000000072,-0.094124779441
467.050000000072,-0.125581466665
467.100000000072,-0.156939704451
467.150000000072,-0.188174909548
467.200000000072,-0.219262595153
467.250000000072,-0.250178390115
467.300000000072,-0.280898058033
467.350000000072,-0.311397516261
467.400000000072,-0.341652854786
467.450000000072,-0.371640354972
467.500000000072,-0.401336508155
467.550000000072,-0.430718034073
467.600000000072,-0.459761899113
467.650000000072,-0.488445334373
467.700000000072,-0.516745853509
467.750000000072,-0.544641270364
467.800000000072,-0.572109716360
467.850000000072,-0.599129657641
467.900000000072,-0.625679911958
467.950000000072,-0.651739665271
468.000000000072,-0.677288488069
468.050000000072,-0.702306351383
468.100000000072,-0.726773642490
468.150000000072,-0.750671180286
468.200000000072,-0.773980230326
468.250000000072,-0.796682519509
468.300000000072,-0.818760250403
468.350000000072,-0.840196115197
468.400000000072,-0.860973309272
468.450000000072,-0.881075544372
468.500000000072,-0.900487061373
468.550000000072,-0.919192642641
468.600000000072,-0.937177623959
468.650000000072,-0.954427906021
468.700000000072,-0.970929965491
468.750000000072,-0.986670865599
468.800000000072,-1.001638266286
468.850000000072,-1.015820433875
468.900000000072,-1.029206250275
468.950000000072,-1.041785221691
469.000000000072,-1.053547486853
469.050000000072,-1.064483824748
469.100000000072,-1.074585661847
469.150000000072,-1.083845078828
469.200000000072,-1.092254816781
469.250000000072,-1.099808282904
469.300000000072,-1.106499555665
469.350000000072,-1.112323389449
469.400000000072,-1.117275218668
469.450000000072,-1.121351161344
469.500000000072,-1.124548022144
469.550000000072,-1.126863294895
469.600000000072,-1.128295164540
469.650000000073,-1.128842508567
469.700000000073,-1.128504897887
469.750000000073,-1.127282597169
469.800000000073,-1.125176564634
469.850000000073,-1.122188451304
469.900000000073,-1.118320599707
469.950000000073,-1.113576042040
470.000000000073,-1.107958497794
470.050000000073,-1.101472370834
470.100000000073,-1.094122745954
470.150000000073,-1.085915384881
470.200000000073,-1.076856721768
470.250000000073,-1.066953858141
470.300000000073,-1.056214557339
470.350000000073,-1.044647238423
470.400000000073,-1.032260969579
470.450000000073,-1.019065461007
470.500000000073,-1.005071057310
470.550000000073,-0.990288729384
470.600000000073,-0.974730065817
470.650000000073,-0.958407263804
470.700000000073,-0.941333119586
470.750000000073,-0.923521018417
470.800000000073,-0.904984924072
470.850000000073,-0.885739367900
470.900000000073,-0.865799437432
470.950000000073,-0.845180764550
471.000000000073,-0.823899513240
471.050000000073,-0.801972366911
471.100000000073,-0.779416515323
471.150000000073,-0.756249641109
471.200000000073,-0.732489905912
471.250000000073,-0.708155936147
471.300000000073,-0.683266808399
471.350000000073,-0.657842034470
471.400000000073,-0.631901546082
471.450000000073,-0.605465679247
471.500000000073,-0.578555158331
471.550000000073,-0.551191079805
471.600000000073,-0.523394895704
471.650000000073,-0.495188396813
471.700000000073,-0.466593695583
471.750000000073,-0.437633208795
471.800000000073,-0.408329639986
471.850000000073,-0.378705961654
471.900000000073,-0.348785397246
471.950000000073,-0.318591402951
472.000000000073,-0.288147649314
472.050000000073,-0.257478002679
472.100000000073,-0.226606506478
472.150000000073,-0.195557362383
472.200000000073,-0.164354911332
472.250000000073,-0.133023614448
472.300000000073,-0.101588033865
472.350000000073,-0.070072813466
472.400000000073,-0.038502659571
472.450000000073,-0.006902321563
472.500000000073,0.024703427512
472.550000000073,0.056289810365
472.600000000073,0.087832064890
472.650000000073,0.119305463575
472.700000000073,0.150685332887
472.750000000073,0.181947072616
472.800000000073,0.213066175159
472.850000000073,0.244018244735
472.900000000073,0.274779016505
472.950000000073,0.305324375601
473.000000000073,0.335630376024
473.050000000073,0.365673259424
473.100000000073,0.395429473719
473.150000000073,0.424875691560
473.200000000073,0.453988828620
473.250000000073,0.482746061693
473.300000000073,0.511124846579
473.350000000073,0.539102935765
473.400000000073,0.566658395863
473.450000000073,0.593769624803
473.500000000073,0.620415368769
473.550000000073,0.646574738864
473.600000000073,0.672227227482
473.650000000073,0.697352724384
473.700000000073,0.721931532469
473.750000000073,0.745944383210
473.800000000073,0.769372451762
473.850000000073,0.792197371718
473.900000000073,0.814401249512
473.950000000073,0.835966678440
474.000000000073,0.856876752310
474.050000000074,0.877115078695
474.100000000074,0.896665791785
474.150000000074,0.915513564821
474.200000000074,0.933643622115
474.250000000074,0.951041750630
474.300000000074,0.967694311125
474.350000000074,0.983588248846
474.400000000074,0.998711103758
474.450000000074,1.013051020320
474.500000000074,1.026596756770
474.550000000074,1.039337693945
474.600000000074,1.051263843602
474.650000000074,1.062365856253
474.700000000074,1.072635028486
474.750000000074,1.082063309797
474.800000000074,1.090643308897
474.850000000074,1.098368299505
474.900000000074,1.105232225624
474.950000000074,1.111229706289
475.000000000074,1.116356039782
475.050000000074,1.120607207319
475.100000000074,1.123979876202
475.150000000074,1.126471402434
475.200000000074,1.128079832783
475.250000000074,1.128803906324
475.300000000074,1.128643055419
475.350000000074,1.127597406169
475.400000000074,1.125667778307
475.450000000074,1.122855684564
475.500000000074,1.119163329477
475.550000000074,1.114593607663
475.600000000074,1.109150101550
475.650000000074,1.102837078568
475.700000000074,1.095659487804
475.750000000074,1.087622956121
475.800000000074,1.078733783749
475.850000000074,1.068998939342
475.900000000074,1.058426054522
475.950000000074,1.047023417887
476.000000000074,1.034799968521
476.050000000074,1.021765288983
476.100000000074,1.007929597792
476.150000000074,0.993303741423
476.200000000074,0.977899185798
476.250000000074,0.961728007299
476.300000000074,0.944802883303
476.350000000074,0.927137082238
476.400000000074,0.908744453189
476.450000000074,0.889639415034
476.500000000074,0.869836945146
476.550000000074,0.849352567645
476.600000000074,0.828202341236
476.650000000074,0.806402846611
476.700000000074,0.783971173458
476.750000000074,0.760924907061
476.800000000074,0.737282114511
476.850000000074,0.713061330547
476.900000000074,0.688281543022
476.950000000074,0.662962178022
477.000000000074,0.637123084631
477.050000000074,0.610784519375
477.100000000074,0.583967130340
477.150000000074,0.556691940986
477.200000000074,0.528980333664
477.250000000074,0.500854032855
477.300000000074,0.472335088137
477.350000000074,0.443445856904
477.400000000074,0.414208986832
477.450000000074,0.384647398130
477.500000000074,0.354784265570
477.550000000074,0.324643000317
477.600000000074,0.294247231580
477.650000000074,0.263620788086
477.700000000074,0.232787679396
477.750000000074,0.201772077088
477.800000000074,0.170598295808
477.850000000074,0.139290774201
477.900000000074,0.107874055762
477.950000000074,0.076372769588
478.000000000074,0.044811611075
478.050000000074,0.013215322554
478.100000000074,-0.018391326104
478.150000000074,-0.049983556903
478.200000000074,-0.081536603154
478.250000000074,-0.113025728884
478.300000000074,-0.144426248232
478.350000000074,-0.175713544799
478.400000000074,-0.206863090947
478.450000000075,-0.237850467027
478.500000000075,-0.268651380524
478.550000000075,-0.299241685099
478.600000000075,-0.329597399520
478.650000000075,-0.359694726461
478.700000000075,-0.389510071161
478.750000000075,-0.419020059915
478.800000000075,-0.448201558405
478.850000000075,-0.477031689829
478.900000000075,-0.505487852843
478.950000000075,-0.533547739271
479.000000000075,-0.561189351599
479.050000000075,-0.588391020220
479.100000000075,-0.615131420419
479.150000000075,-0.641389589091
479.200000000075,-0.667144941177
479.250000000075,-0.692377285801
479.300000000075,-0.717066842096
479.350000000075,-0.741194254715
479.400000000075,-0.764740609002
479.450000000075,-0.787687445822
479.500000000075,-0.810016776029
479.550000000075,-0.831711094573
479.600000000075,-0.852753394220
479.650000000075,-0.873127178883
479.700000000075,-0.892816476560
479.750000000075,-0.911805851849
479.800000000075,-0.930080418052
479.850000000075,-0.947625848847
479.900000000075,-0.964428389514
479.950000000075,-0.980474867721
480.000000000075,-0.995752703852
480.050000000075,-1.010249920866
480.100000000075,-1.023955153687
480.150000000075,-1.036857658114
480.200000000075,-1.048947319245
480.250000000075,-1.060214659404
480.300000000075,-1.070650845575
480.350000000075,-1.080247696322
480.400000000075,-1.088997688205
480.450000000075,-1.096893961679
480.500000000075,-1.103930326471
480.550000000075,-1.110101266429
480.600000000075,-1.115401943854
480.650000000075,-1.119828203286
480.700000000075,-1.123376574764
480.750000000075,-1.126044276546
480.800000000075,-1.127829217292
480.850000000075,-1.128729997699
480.900000000075,-1.128745911601
480.950000000075,-1.127876946523
481.000000000075,-1.126123783689
481.050000000075,-1.123487797488
481.100000000075,-1.119971054400
481.150000000075,-1.115576311369
481.200000000075,-1.110307013650
481.250000000075,-1.104167292102
481.300000000075,-1.097161959953
481.350000000075,-1.089296509024
481.400000000075,-1.080577105426
481.450000000075,-1.071010584724
481.500000000075,-1.060604446580
481.550000000075,-1.049366848875
481.600000000075,-1.037306601309
481.650000000075,-1.024433158498
481.700000000075,-1.010756612563
481.750000000075,-0.996287685214
481.800000000075,-0.981037719349
481.850000000075,-0.965018670162
481.900000000075,-0.948243095765
481.950000000075,-0.930724147351
482.000000000075,-0.912475558876
482.050000000075,-0.893511636300
482.100000000075,-0.873847246368
482.150000000075,-0.853497804952
482.200000000075,-0.832479264973
482.250000000075,-0.810808103891
482.300000000075,-0.788501310784
482.350000000075,-0.765576373037
482.400000000075,-0.742051262626
482.450000000075,-0.717944422033
482.500000000075,-0.693274749787
482.550000000075,-0.668061585646
482.600000000075,-0.642324695440
482.650000000075,-0.616084255573
482.700000000075,-0.589360837205
482.750000000075,-0.562175390128
482.800000000075,-0.534549226339
482.850000000076,-0.506504003337
482.900000000076,-0.478061707139
482.950000000076,-0.449244635050
483.000000000076,-0.420075378176
483.050000000076,-0.390576803723
483.100000000076,-0.360772037060
483.150000000076,-0.330684443599
483.200000000076,-0.300337610473
483.250000000076,-0.269755328043
483.300000000076,-0.238961571252
483.350000000076,-0.207980480829
483.400000000076,-0.176836344362
483.450000000076,-0.145553577259
483.500000000076,-0.114156703606
483.550000000076,-0.082670336945
483.600000000076,-0.051119160974
483.650000000076,-0.019527910199
483.700000000076,0.012078649457
483.750000000076,0.043675740071
483.800000000076,0.075238591141
483.850000000076,0.106742459010
483.900000000076,0.138162646258
483.950000000076,0.169474521069
484.000000000076,0.200653536535
484.050000000076,0.231675249906
484.100000000076,0.262515341748
484.150000000076,0.293149635007
484.200000000076,0.323554113968
484.250000000076,0.353704943077
484.300000000076,0.383578485626
484.350000000076,0.413151322290
484.400000000076,0.442400269478
484.450000000076,0.471302397515
484.500000000076,0.499835048613
484.550000000076,0.527975854634
484.600000000076,0.555702754628
484.650000000076,0.582994012125
484.700000000076,0.609828232178
484.750000000076,0.636184378132
484.800000000076,0.662041788119
484.850000000076,0.687380191254
484.900000000076,0.712179723526
484.950000000076,0.736420943373
485.000000000076,0.760084846920
485.050000000076,0.783152882879
485.100000000076,0.805606967091
485.150000000076,0.827429496703
485.200000000076,0.848603363971
485.250000000076,0.869111969667
485.300000000076,0.888939236095
485.350000000076,0.908069619693
485.400000000076,0.926488123221
485.450000000076,0.944180307515
485.500000000076,0.961132302808
485.550000000076,0.977330819605
485.600000000076,0.992763159099
485.650000000076,1.007417223125
485.700000000076,1.021281523649
485.750000000076,1.034345191767
485.800000000076,1.046597986235
485.850000000076,1.058030301488
485.900000000076,1.068633175177
485.950000000076,1.078398295192
486.000000000076,1.087318006179
486.050000000076,1.095385315542
486.100000000076,1.102593898923
486.150000000076,1.108938105162
486.200000000076,1.114412960727
486.250000000076,1.119014173610
486.300000000076,1.122738136697
486.350000000076,1.125581930592
486.400000000076,1.127543325906
486.450000000076,1.128620785004
486.500000000076,1.128813463216
486.550000000076,1.128121209489
486.600000000076,1.126544566517
486.650000000076,1.124084770307
486.700000000076,1.120743749212
486.750000000076,1.116524122422
486.800000000076,1.111429197909
486.850000000076,1.105462969832
486.900000000076,1.098630115408
486.950000000076,1.090935991246
487.000000000076,1.082386629144
487.050000000076,1.072988731365
487.100000000076,1.062749665379
487.150000000076,1.051677458089
487.200000000076,1.039780789539
487.250000000077,1.027068986108
487.300000000077,1.013552013198
487.350000000077,0.999240467424
487.400000000077,0.984145568304
487.450000000077,0.968279149467
487.500000000077,0.951653649372
487.550000000077,0.934282101559
487.600000000077,0.916178124433
487.650000000077,0.897355910584
487.700000000077,0.877830215664
487.750000000077,0.857616346817
487.800000000077,0.836730150681
487.850000000077,0.815188000964
487.900000000077,0.793006785608
487.950000000077,0.770203893551
488.000000000077,0.746797201090
488.050000000077,0.722805057875
488.100000000077,0.698246272517
488.150000000077,0.673140097845
488.200000000077,0.647506215815
488.250000000077,0.621364722076
488.300000000077,0.594736110222
488.350000000077,0.567641255720
488.400000000077,0.540101399548
488.450000000077,0.512138131543
488.500000000077,0.483773373474
488.550000000077,0.455029361860
488.600000000077,0.425928630532
488.650000000077,0.396493992974
488.700000000077,0.366748524434
488.750000000077,0.336715543836
488.800000000077,0.306418595497
488.850000000077,0.275881430675
488.900000000077,0.245127988942
488.950000000077,0.214182379421
489.000000000077,0.183068861884
489.050000000077,0.151811827737
489.100000000077,0.120435780893
489.150000000077,0.088965318565
489.200000000077,0.057425111985
489.250000000077,0.025839887057
489.300000000077,-0.005765595018
489.350000000077,-0.037366557162
489.400000000077,-0.068938225839
489.450000000077,-0.100455850478
489.500000000077,-0.131894722875
489.550000000077,-0.163230196566
489.600000000077,-0.194437706143
489.650000000077,-0.225492786518
489.700000000077,-0.256371092097
489.750000000077,-0.287048415872
489.800000000077,-0.317500708391
489.850000000077,-0.347704096618
489.900000000077,-0.377634902642
489.950000000077,-0.407269662244
490.000000000077,-0.436585143292
490.050000000077,-0.465558363950
490.100000000077,-0.494166610696
490.150000000077,-0.522387456130
490.200000000077,-0.550198776556
490.250000000077,-0.577578769322
490.300000000077,-0.604505969916
490.350000000077,-0.630959268793
490.400000000077,-0.656917927921
490.450000000077,-0.682361597040
490.500000000077,-0.707270329618
490.550000000077,-0.731624598484
490.600000000077,-0.755405311139
490.650000000077,-0.778593824721
490.700000000077,-0.801171960625
490.750000000077,-0.823122018747
490.800000000077,-0.844426791367
490.850000000077,-0.865069576634
490.900000000077,-0.885034191662
490.950000000077,-0.904304985215
491.000000000077,-0.922866849978
491.050000000077,-0.940705234400
491.100000000077,-0.957806154101
491.150000000077,-0.974156202837
491.200000000077,-0.989742563005
491.250000000077,-1.004553015699
491.300000000077,-1.018575950281
491.350000000077,-1.031800373490
491.400000000077,-1.044215918055
491.450000000077,-1.055812850825
491.500000000077,-1.066582080399
491.550000000077,-1.076515164252
491.600000000078,-1.085604315355
491.650000000078,-1.093842408279
491.700000000078,-1.101222984783
491.750000000078,-1.107740258870
491.800000000078,-1.113389121333
491.850000000078,-1.118165143753
491.900000000078,-1.122064581973
491.950000000078,-1.125084379032
492.000000000078,-1.127222167566
492.050000000078,-1.128476271656
492.100000000078,-1.128845708149
492.150000000078,-1.128330187427
492.200000000078,-1.126930113631
492.250000000078,-1.124646584347
492.300000000078,-1.121481389746
492.350000000078,-1.117437011177
492.400000000078,-1.112516619227
492.450000000078,-1.106724071230
492.500000000078,-1.100063908248
492.550000000078,-1.092541351507
492.600000000078,-1.084162298306
492.650000000078,-1.074933317395
492.700000000078,-1.064861643820
492.750000000078,-1.053955173259
492.800000000078,-1.042222455826
492.850000000078,-1.029672689370
492.900000000078,-1.016315712265
492.950000000078,-1.002161995698
493.000000000078,-0.987222635457
493.050000000078,-0.971509343235
493.100000000078,-0.955034437448
493.150000000078,-0.937810833580
493.200000000078,-0.919852034053
493.250000000078,-0.901172117645
493.300000000078,-0.881785728456
493.350000000078,-0.861708064421
493.400000000078,-0.840954865399
493.450000000078,-0.819542400837
493.500000000078,-0.797487457010
493.550000000078,-0.774807323864
493.600000000078,-0.751519781461
493.650000000078,-0.727643086043
493.700000000078,-0.703195955715
493.750000000078,-0.678197555775
493.800000000078,-0.652667483689
493.850000000078,-0.626625753726
493.900000000078,-0.600092781267
493.950000000078,-0.573089366804
494.000000000078,-0.545636679632
494.050000000078,-0.517756241250
494.100000000078,-0.489469908494
494.150000000078,-0.460799856401
494.200000000078,-0.431768560823
494.250000000078,-0.402398780808
494.300000000078,-0.372713540760
494.350000000078,-0.342736112386
494.400000000078,-0.312489996455
494.450000000078,-0.281998904373
494.500000000078,-0.251286739594
494.550000000078,-0.220377578881
494.600000000078,-0.189295653435
494.650000000078,-0.158065329892
494.700000000078,-0.126711091226
494.750000000078,-0.095257517555
494.800000000078,-0.063729266870
494.850000000078,-0.032151055703
494.900000000078,-0.000547639756
494.950000000078,0.031056205513
495.000000000078,0.062635704308
495.050000000078,0.094166099918
495.100000000078,0.125622674130
495.150000000078,0.156980766599
495.200000000078,0.188215794188
495.250000000078,0.219303270235
495.300000000078,0.250218823750
495.350000000078,0.280938218524
495.400000000078,0.311437372124
495.450000000078,0.341692374777
495.500000000078,0.371679508109
495.550000000078,0.401375263744
495.600000000078,0.430756361730
495.650000000078,0.459799768793
495.700000000078,0.488482716387
495.750000000078,0.516782718553
495.800000000078,0.544677589536
495.850000000078,0.572145461187
495.900000000078,0.599164800103
495.950000000078,0.625714424504
496.000000000079,0.651773520845
496.050000000079,0.677321660130
496.100000000079,0.702338813926
496.150000000079,0.726805370065
496.200000000079,0.750702148022
496.250000000079,0.774010413945
496.300000000079,0.796711895349
496.350000000079,0.818788795434
496.400000000079,0.840223807042
496.450000000079,0.861000126221
496.500000000079,0.881101465402
496.550000000079,0.900512066164
496.600000000079,0.919216711590
496.650000000079,0.937200738197
496.700000000079,0.954450047428
496.750000000079,0.970951116710
496.800000000079,0.986691010047
496.850000000079,1.001657388171
496.900000000079,1.015838518208
496.950000000079,1.029223282878
497.000000000079,1.041801189211
497.050000000079,1.053562376772
497.100000000079,1.064497625394
497.150000000079,1.074598362401
497.200000000079,1.083856669332
497.250000000079,1.092265288150
497.300000000079,1.099817626928
497.350000000079,1.106507765019
497.400000000079,1.112330457698
497.450000000079,1.117281140271
497.500000000079,1.121355931657
497.550000000079,1.124551637429
497.600000000079,1.126865752317
497.650000000079,1.128296462173
497.700000000079,1.128842645394
497.750000000079,1.128503873800
497.800000000079,1.127280412971
497.850000000079,1.125173222038
497.900000000079,1.122183952930
497.950000000079,1.118314949081
498.000000000079,1.113569243592
498.050000000079,1.107950556853
498.100000000079,1.101463293627
498.150000000079,1.094112539595
498.200000000079,1.085904057373
498.250000000079,1.076844281990
498.300000000079,1.066940315846
498.350000000079,1.056199923143
498.400000000079,1.044631523799
498.450000000079,1.032244186846
498.500000000079,1.019047623322
498.550000000079,1.005052178657
498.600000000079,0.990268824563
498.650000000079,0.974709150431
498.700000000079,0.958385354251
498.750000000079,0.941310233041
498.800000000079,0.923497172823
498.850000000079,0.904960138122
498.900000000079,0.885713661025
498.950000000079,0.865772829785
499.000000000079,0.845153276990
499.050000000079,0.823871167315
499.100000000079,0.801943184844
499.150000000079,0.779386519991
499.200000000079,0.756218856027
499.250000000079,0.732458355213
499.300000000079,0.708123644566
499.350000000079,0.683233801251
499.400000000079,0.657808337631
499.450000000079,0.631867185967
499.500000000079,0.605430682794
499.550000000079,0.578519552975
499.600000000079,0.551154893459
499.650000000079,0.523358156736
499.700000000079,0.495151134025
499.750000000079,0.466555938187
499.800000000079,0.437594986390
499.850000000079,0.408290982537
499.900000000079,0.378666899467
499.950000000079,0.348745960942
500.000000000079,0.318551623448
500.050000000079,0.288107557796
500.100000000079,0.257437630576
500.150000000079,0.226565885440
500.200000000079,0.195516524254
500.250000000079,0.164313888128
500.300000000079,0.132982438329
500.350000000079,0.101546737110
500.400000000080,0.070031428451
500.450000000080,0.038461218738
500.500000000080,0.006860857400
500.550000000080,-0.024744882498
500.600000000080,-0.056331223677
500.650000000080,-0.087873404061
500.700000000080,-0.119346696197
500.750000000080,-0.150726426637
500.800000000080,-0.181987995278
500.850000000080,-0.213106894652
500.900000000080,-0.244058729136
500.950000000080,-0.274819234077
501.000000000080,-0.305364294815
501.050000000080,-0.335669965587
501.100000000080,-0.365712488298
501.150000000080,-0.395468311151
501.200000000080,-0.424914107103
501.250000000080,-0.454026792160
501.300000000080,-0.482783543467
501.350000000080,-0.511161817204
501.400000000080,-0.539139366258
501.450000000080,-0.566694257663
501.500000000080,-0.593804889797
501.550000000080,-0.620450009311
501.600000000080,-0.646608727798
501.650000000080,-0.672260538162
501.700000000080,-0.697385330696
501.750000000080,-0.721963408852
501.800000000080,-0.745975504674
501.850000000080,-0.769402793909
501.900000000080,-0.792226910763
501.950000000080,-0.814429962296
502.000000000080,-0.835994542454
502.050000000080,-0.856903745710
502.100000000080,-0.877141180321
502.150000000080,-0.896690981173
502.200000000080,-0.915537822224
502.250000000080,-0.933666928517
502.300000000080,-0.951064087760
502.350000000080,-0.967715661472
502.400000000080,-0.983608595671
502.450000000080,-0.998730431112
502.500000000080,-1.013069313050
502.550000000080,-1.026614000536
502.600000000080,-1.039353875229
502.650000000080,-1.051278949719
502.700000000080,-1.062379875359
502.750000000080,-1.072647949592
502.800000000080,-1.082075122774
502.850000000080,-1.090654004483
502.900000000080,-1.098377869316
502.950000000080,-1.105240662158
503.000000000080,-1.111237002932
503.050000000080,-1.116362190812
503.100000000080,-1.120612207916
503.150000000080,-1.123983722446
503.200000000080,-1.126474091308
503.250000000080,-1.128081362180
503.300000000080,-1.128804275045
503.350000000080,-1.128642263176
503.400000000080,-1.127595453581
503.450000000080,-1.125664666906
503.500000000080,-1.122851416789
503.550000000080,-1.119157908673
503.600000000080,-1.114587038080
503.650000000080,-1.109142388339
503.700000000080,-1.102828227775
503.750000000080,-1.095649506368
503.800000000080,-1.087611851867
503.850000000080,-1.078721565382
503.900000000080,-1.068985616441
503.950000000080,-1.058411637530
504.000000000080,-1.047007918108
504.050000000080,-1.034783398105
504.100000000080,-1.021747660920
504.150000000080,-1.007910925903
504.200000000080,-0.993284040345
504.250000000080,-0.977878470975
504.300000000080,-0.961706294971
504.350000000080,-0.944780190490
504.400000000080,-0.927113426732
504.450000000080,-0.908719853534
504.500000000080,-0.889613890515
504.550000000080,-0.869810515772
504.600000000080,-0.849325254137
504.650000000080,-0.828174165004
504.700000000080,-0.806373829746
504.750000000080,-0.783941338707
504.800000000081,-0.760894277812
504.850000000081,-0.737250714777
504.900000000081,-0.713029184943
504.950000000081,-0.688248676749
505.000000000081,-0.662928616845
505.050000000081,-0.637088854861
505.100000000081,-0.610749647845
505.150000000081,-0.583931644389
505.200000000081,-0.556655868433
505.250000000081,-0.528943702787
505.300000000081,-0.500816872371
505.350000000081,-0.472297427179
505.400000000081,-0.443407724995
505.450000000081,-0.414170413866
505.500000000081,-0.384608414346
505.550000000081,-0.354744901529
505.600000000081,-0.324603286880
505.650000000081,-0.294207199879
505.700000000081,-0.263580469504
505.750000000081,-0.232747105540
505.800000000081,-0.201731279768
505.850000000081,-0.170557307004
505.900000000081,-0.139249626048
505.950000000081,-0.107832780517
506.000000000081,-0.076331399610
506.050000000081,-0.044770178795
506.100000000081,-0.013173860453
506.150000000081,0.018432785521
506.200000000081,0.050024981135
506.250000000081,0.081577959726
506.300000000081,0.113066985375
506.350000000081,0.144467372299
506.400000000081,0.175754504203
506.450000000081,0.206903853577
506.500000000081,0.237891000928
506.550000000081,0.268691653919
506.600000000081,0.299281666416
506.650000000081,0.329637057415
506.700000000081,0.359734029845
506.750000000081,0.389548989222
506.800000000081,0.419058562144
506.850000000081,0.448239614617
506.900000000081,0.477069270191
506.950000000081,0.505524927893
507.000000000081,0.533584279944
507.050000000081,0.561225329250
507.100000000081,0.588426406644
507.150000000081,0.615166187874
507.200000000081,0.641423710322
507.250000000081,0.667178389435
507.300000000081,0.692410034863
507.350000000081,0.717098866289
507.400000000081,0.741225528933
507.450000000081,0.764771108729
507.500000000081,0.787717147147
507.550000000081,0.810045655668
507.600000000081,0.831739129886
507.650000000081,0.852780563228
507.700000000081,0.873153460287
507.750000000081,0.892841849757
507.800000000081,0.911830296948
507.850000000081,0.930103915890
507.900000000081,0.947648381001
507.950000000081,0.964449938321
508.000000000081,0.980495416288
508.050000000081,0.995772236070
508.100000000081,1.010268421422
508.150000000081,1.023972608077
508.200000000081,1.036874052656
508.250000000081,1.048962641086
508.300000000081,1.060228896534
508.350000000081,1.070663986831
508.400000000081,1.080259731402
508.450000000081,1.089008607675
508.500000000081,1.096903756978
508.550000000081,1.103938989919
508.600000000081,1.110108791236
508.650000000081,1.115408324120
508.700000000081,1.119833434010
508.750000000081,1.123380651845
508.800000000081,1.126047196788
508.850000000081,1.127830978405
508.900000000081,1.128730598303
508.950000000081,1.128745351225
509.000000000081,1.127875225606
509.050000000081,1.126120903581
509.100000000081,1.123483760446
509.150000000081,1.119965863588
509.200000000082,1.115569970858
509.250000000082,1.110299528410
509.300000000082,1.104158668002
509.350000000082,1.097152203752
509.400000000082,1.089285628372
509.450000000082,1.080565108851
509.500000000082,1.070997481632
509.550000000082,1.060590247244
509.600000000082,1.049351564425
509.650000000082,1.037290243728
509.700000000082,1.024415740609
509.750000000082,1.010738148021
509.800000000082,0.996268188494
509.850000000082,0.981017205736
509.900000000082,0.964997155737
509.950000000082,0.948220597395
510.000000000082,0.930700682673
510.050000000082,0.912451146285
510.100000000082,0.893486294935
510.150000000082,0.873820996094
510.200000000082,0.853470666349
510.250000000082,0.832451259316
510.300000000082,0.810779253135
510.350000000082,0.788471637547
510.400000000082,0.765545900580
510.450000000082,0.742020014839
510.500000000082,0.717912423412
510.550000000082,0.693242025417
510.600000000082,0.668028161182
510.650000000082,0.642290597085
510.700000000082,0.616049510058
510.750000000082,0.589325471769
510.800000000082,0.562139432495
510.850000000082,0.534512704699
510.900000000082,0.506466946321
510.950000000082,0.478024143797
511.000000000082,0.449206594830
511.050000000082,0.420036890900
511.100000000082,0.390537899562
511.150000000082,0.360732746514
511.200000000082,0.330644797470
511.250000000082,0.300297639840
511.300000000082,0.269715064242
511.350000000082,0.238921045848
511.400000000082,0.207939725592
511.450000000082,0.176795391242
511.500000000082,0.145512458360
511.550000000082,0.114115451164
511.600000000082,0.082628983299
511.650000000082,0.051077738544
511.700000000082,0.019486451458
511.750000000082,-0.012120112008
511.800000000082,-0.043717173927
511.850000000082,-0.075279963821
511.900000000082,-0.106783738078
511.950000000082,-0.138203799355
512.000000000082,-0.169515515932
512.050000000082,-0.200694341027
512.100000000082,-0.231715832038
512.150000000082,-0.262555669706
512.200000000082,-0.293189677176
512.250000000082,-0.323593838957
512.300000000082,-0.353744319742
512.350000000082,-0.383617483099
512.400000000082,-0.413189909999
512.450000000082,-0.442438417173
512.500000000082,-0.471340075289
512.550000000082,-0.499872226928
512.600000000082,-0.528012504345
512.650000000081,-0.555738847004
512.700000000081,-0.583029518871
512.750000000081,-0.609863125458
512.800000000081,-0.636218630592
512.850000000081,-0.662075372907
512.900000000081,-0.687413082041
512.950000000081,-0.712211894528
513.000000000081,-0.736452369369
513.050000000081,-0.760115503273
513.100000000081,-0.783182745556
513.150000000081,-0.805636012681
513.200000000081,-0.827457702437
513.250000000081,-0.848630707737
513.300000000081,-0.869138430028
513.350000000081,-0.888964792308
513.400000000081,-0.908094251723
513.450000000081,-0.926511811758
513.500000000081,-0.944203033988
513.550000000081,-0.961154049402
513.600000000081,-0.977351569271
513.650000000081,-0.992782895569
513.700000000081,-1.007435930928
513.750000000080,-1.021299188118
513.800000000080,-1.034361799055
513.850000000080,-1.046613523322
513.900000000080,-1.058044756194
513.950000000080,-1.068646536171
514.000000000080,-1.078410551999
514.050000000080,-1.087329149190
514.100000000080,-1.095395336022
514.150000000080,-1.102602789016
514.200000000080,-1.108945857899
514.250000000080,-1.114419570030
514.300000000080,-1.119019634298
514.350000000080,-1.122742444489
514.400000000080,-1.125585082110
514.450000000080,-1.127545318680
514.500000000080,-1.128621617472
514.550000000080,-1.128813134725
514.600000000080,-1.128119720298
514.650000000080,-1.126541917792
514.700000000080,-1.124080964124
514.750000000080,-1.120738788556
514.800000000080,-1.116518011181
514.850000000079,-1.111421940874
514.900000000079,-1.105454572693
514.950000000079,-1.098620584748
515.000000000079,-1.090925334535
515.050000000079,-1.082374854738
515.100000000079,-1.072975848494
515.150000000079,-1.062735684142
515.200000000079,-1.051662389447
515.250000000079,-1.039764645305
515.300000000079,-1.027051778938
515.350000000079,-1.013533756582
515.400000000079,-0.999221175674
515.450000000079,-0.984125256544
515.500000000079,-0.968257833620
515.550000000079,-0.951631346148
515.600000000079,-0.934258828444
515.650000000079,-0.916153899671
515.700000000079,-0.897330753166
515.750000000079,-0.877804145312
515.800000000079,-0.857589383969
515.850000000079,-0.836702316475
515.900000000079,-0.815159317220
515.950000000078,-0.792977274814
516.000000000078,-0.770173578840
516.050000000078,-0.746766106228
516.100000000078,-0.722773207239
516.150000000078,-0.698213691076
516.200000000078,-0.673106811141
516.250000000078,-0.647472249943
516.300000000078,-0.621330103664
516.350000000078,-0.594700866409
516.400000000078,-0.567605414135
516.450000000078,-0.540064988289
516.500000000078,-0.512101179155
516.550000000078,-0.483735908925
516.600000000078,-0.454991414520
516.650000000078,-0.425890230151
516.700000000078,-0.396455169656
516.750000000078,-0.366709308614
516.800000000078,-0.336675966256
516.850000000078,-0.306378687186
516.900000000078,-0.275841222918
516.950000000078,-0.245087513259
517.000000000078,-0.214141667544
517.050000000077,-0.183027945730
517.100000000077,-0.151770739380
517.150000000077,-0.120394552545
517.200000000077,-0.088923982547
517.250000000077,-0.057383700702
517.300000000077,-0.025798432974
517.350000000077,0.005807059403
517.400000000077,0.037407999344
517.450000000077,0.068979613329
517.500000000077,0.100497150830
517.550000000077,0.131935903713
517.600000000077,0.163271225605
517.650000000077,0.194478551218
517.700000000077,0.225533415609
517.750000000077,0.256411473354
517.800000000077,0.287088517637
517.850000000077,0.317540499226
517.900000000077,0.347743545329
517.950000000077,0.377673978304
518.000000000077,0.407308334224
518.050000000077,0.436623381273
518.100000000077,0.465596137954
518.150000000076,0.494203891111
518.200000000076,0.522424213731
518.250000000076,0.550234982526
518.300000000076,0.577614395277
518.350000000076,0.604540987928
518.400000000076,0.630993651409
518.450000000076,0.656951648186
518.500000000076,0.682394628521
518.550000000076,0.707302646419
518.600000000076,0.731656175270
518.650000000076,0.755436123156
518.700000000076,0.778623847814
518.750000000076,0.801201171256
518.800000000076,0.823150394018
518.850000000076,0.844454309033
518.900000000076,0.865096215122
518.950000000076,0.885059930089
519.000000000076,0.904329803404
519.050000000076,0.922890728472
519.100000000076,0.940728154480
519.150000000076,0.957828097799
519.200000000076,0.974177152949
519.250000000075,0.989762503108
519.300000000075,1.004571930161
519.350000000075,1.018593824275
519.400000000075,1.031817193002
519.450000000075,1.044231669901
519.500000000075,1.055827522655
519.550000000075,1.066595660711
519.600000000075,1.076527642400
519.650000000075,1.085615681558
519.700000000075,1.093852653626
519.750000000075,1.101232101241
519.800000000075,1.107748239293
519.850000000075,1.113395959465
519.900000000075,1.118170834233
519.950000000075,1.122069120339
520.000000000075,1.125087761728
520.050000000075,1.127224391938
520.100000000075,1.128477335961
520.150000000075,1.128845611554
520.200000000075,1.128328930007
520.250000000075,1.126927696371
520.300000000075,1.124643009143
520.350000000074,1.121476659400
520.400000000074,1.117431129398
520.450000000074,1.112509590625
520.500000000074,1.106715901316
520.550000000074,1.100054603426
520.600000000074,1.092530919072
520.650000000074,1.084150746437
520.700000000074,1.074920655147
520.750000000074,1.064847881121
520.800000000074,1.053940320897
520.850000000074,1.042206525444
520.900000000074,1.029655693458
520.950000000074,1.016297664147
521.000000000074,1.002142909522
521.050000000074,0.987202526185
521.100000000074,0.971488226633
521.150000000074,0.955012330070
521.200000000074,0.937787752756
521.250000000074,0.919827997878
521.300000000074,0.901147144963
521.350000000074,0.881759838843
521.400000000074,0.861681278173
521.450000000073,0.840927203517
521.500000000073,0.819513885005
521.550000000073,0.797458109583
521.600000000073,0.774777167848
521.650000000073,0.751488840498
521.700000000073,0.727611384389
521.750000000073,0.703163518222
521.800000000073,0.678164407873
521.850000000073,0.652633651364
521.900000000073,0.626591263500
521.950000000073,0.600057660180
522.000000000073,0.573053642389
522.050000000073,0.545600379894
522.100000000073,0.517719394647
522.150000000073,0.489432543912
522.200000000073,0.460762003131
522.250000000073,0.431730248540
522.300000000073,0.402360039548
522.350000000073,0.372674400893
522.400000000073,0.342696604597
522.450000000073,0.312450151715
522.500000000073,0.281958753918
522.550000000072,0.251246314900
522.600000000072,0.220336911640
522.650000000072,0.189254775527
522.700000000072,0.158024273364
522.750000000072,0.126669888264
522.800000000072,0.095216200460
522.850000000072,0.063687868031
522.900000000072,0.032109607577
522.950000000072,0.000506174834
523.000000000072,-0.031097654724
523.050000000072,-0.062677105313
523.100000000072,-0.094207420262
523.150000000072,-0.125663881418
523.200000000072,-0.157021828529
523.250000000072,-0.188256678568
523.300000000072,-0.219343945014
523.350000000072,-0.250259257042
523.400000000072,-0.280978378630
523.450000000072,-0.311477227561
523.500000000072,-0.341731894300
523.550000000072,-0.371718660737
523.600000000072,-0.401414018784
523.650000000071,-0.430794688800
523.700000000071,-0.459837637846
523.750000000071,-0.488520097736
523.800000000071,-0.516819582892
523.850000000071,-0.544713907966
523.900000000071,-0.572181205237
523.950000000071,-0.599199941750
524.000000000071,-0.625748936199
524.050000000071,-0.651807375534
524.100000000071,-0.677354831271
524.150000000071,-0.702371275515
524.200000000071,-0.726837096655
524.250000000071,-0.750733114739
524.300000000071,-0.774040596514
524.350000000071,-0.796741270107
524.400000000071,-0.818817339354
524.450000000071,-0.840251497747
524.500000000071,-0.861026942003
524.550000000071,-0.881127385238
524.600000000071,-0.900537069735
524.650000000071,-0.919240779294
524.700000000071,-0.937223851166
524.750000000070,-0.954472187543
524.800000000070,-0.970972266614
524.850000000070,-0.986711153160
524.900000000070,-1.001676508702
524.950000000070,-1.015856601167
525.000000000070,-1.029240314089
525.050000000070,-1.041817155322
525.100000000070,-1.053577265267
525.150000000070,-1.064511424600
525.200000000070,-1.074611061501
525.250000000070,-1.083868258371
525.300000000070,-1.092275758043
525.350000000070,-1.099826969466
525.400000000070,-1.106515972879
525.450000000070,-1.112337524444
525.500000000070,-1.117287060364
525.550000000070,-1.121360700457
525.600000000070,-1.124555251196
525.650000000070,-1.126868208218
525.700000000070,-1.128297758283
525.750000000070,-1.128842780697
525.800000000070,-1.128502848190
525.850000000069,-1.127278227252
525.900000000069,-1.125169877924
525.950000000069,-1.122179453042
526.000000000069,-1.118309296947
526.050000000069,-1.113562443642
526.100000000069,-1.107942614419
526.150000000069,-1.101454214935
526.200000000069,-1.094102331763
526.250000000069,-1.085892728403
526.300000000069,-1.076831840762
526.350000000069,-1.066926772115
526.400000000069,-1.056185287525
526.450000000069,-1.044615807769
526.500000000069,-1.032227402724
526.550000000069,-1.019029784266
526.600000000069,-1.005033298652
526.650000000069,-0.990248918409
526.700000000069,-0.974688233735
526.750000000069,-0.958363443410
526.800000000069,-0.941287345232
526.850000000069,-0.923473325988
526.900000000069,-0.904935350957
526.950000000068,-0.885687952961
527.000000000068,-0.865746220976
527.050000000068,-0.845125788296
527.100000000068,-0.823842820286
527.150000000068,-0.801914001702
527.200000000068,-0.779356523615
527.250000000068,-0.756188069932
527.300000000068,-0.732426803534
527.350000000068,-0.708091352037
527.400000000068,-0.683200793188
527.450000000068,-0.657774639911
527.500000000068,-0.631832825008
527.550000000068,-0.605395685532
527.600000000068,-0.578483946847
527.650000000068,-0.551118706378
527.700000000068,-0.523321417071
527.750000000068,-0.495113870578
527.800000000068,-0.466518180170
527.850000000068,-0.437556763404
527.900000000068,-0.408252324547
527.950000000068,-0.378627836778
528.000000000068,-0.348706524178
528.050000000067,-0.318511843525
528.100000000067,-0.288067465900
528.150000000067,-0.257397258136
528.200000000067,-0.226525264106
528.250000000067,-0.195475685872
528.300000000067,-0.164272864712
528.350000000067,-0.132941262041
528.400000000067,-0.101505440229
528.450000000067,-0.069990043351
528.500000000067,-0.038419777864
528.550000000067,-0.006819393239
528.600000000067,0.024786337441
528.650000000067,0.056372636902
528.700000000067,0.087914743103
528.750000000067,0.119387928648
528.800000000067,0.150767520172
528.850000000067,0.182028917683
528.900000000067,0.213147613846
528.950000000067,0.244099213197
529.000000000067,0.274859451268
529.050000000067,0.305404213607
529.100000000067,0.335709554686
529.150000000066,0.365751716669
529.200000000066,0.395507148039
529.250000000066,0.424952522064
529.300000000066,0.454064755077
529.350000000066,0.482821024579
529.400000000066,0.511198787129
529.450000000066,0.539175796012
529.500000000066,0.566730118689
529.550000000066,0.593840153980
529.600000000066,0.620484649007
529.650000000066,0.646642715850
529.700000000066,0.672293847925
529.750000000066,0.697417936058
529.800000000066,0.721995284252
529.850000000066,0.746006625122
529.900000000066,0.769433135010
529.950000000066,0.792256448729
530.000000000066,0.814458673973
530.050000000066,0.836022405332
530.100000000066,0.856930737947
530.150000000066,0.877167280755
530.200000000066,0.896716169344
530.250000000065,0.915562078385
530.300000000065,0.933690233653
530.350000000065,0.951086423600
530.400000000065,0.967737010507
530.450000000065,0.983628941164
530.500000000065,0.998749757113
530.550000000065,1.013087604409
530.600000000065,1.026631242912
530.650000000065,1.039370055106
530.700000000065,1.051294054413
530.750000000065,1.062393893028
530.800000000065,1.072660869248
530.850000000065,1.082086934287
530.900000000065,1.090664698594
530.950000000065,1.098387437642
531.000000000065,1.105249097198
531.050000000065,1.111244298072
531.100000000065,1.116368340335
531.150000000065,1.120617206999
531.200000000065,1.123987567171
531.250000000065,1.126476778661
531.300000000065,1.128082890055
531.350000000064,1.128804642243
531.400000000064,1.128641469409
531.450000000064,1.127593499472
531.500000000064,1.125661553987
531.550000000064,1.122847147500
531.600000000064,1.119152486361
531.650000000064,1.114580466996
531.700000000064,1.109134673634
531.750000000064,1.102819375498
531.800000000064,1.095639523457
531.850000000064,1.087600746149
531.900000000064,1.078709345563
531.950000000064,1.068972292101
532.000000000064,1.058397219115
532.050000000064,1.046992416921
532.100000000064,1.034766826298
532.150000000064,1.021730031484
532.200000000064,1.007892252659
532.250000000064,0.993264337932
532.300000000064,0.977857754839
532.350000000064,0.961684581352
532.400000000064,0.944757496411
532.450000000063,0.927089769983
532.500000000063,0.908695252661
532.550000000063,0.889588364804
532.600000000063,0.869784085234
532.650000000063,0.849297939491
532.700000000063,0.828145987665
532.750000000063,0.806344811802
532.800000000063,0.783911502908
532.850000000063,0.760863647547
532.900000000063,0.737219314058
532.950000000063,0.712997038388
533.000000000063,0.688215809558
533.050000000063,0.662895054785
533.100000000063,0.637054624242
533.150000000063,0.610714775504
533.200000000063,0.583896157662
533.250000000063,0.556619795140
533.300000000063,0.528907071209
533.350000000063,0.500779711224
533.400000000063,0.472259765596
533.450000000063,0.443369592501
533.500000000063,0.414131840355
533.550000000062,0.384569430057
533.600000000062,0.354705537024
533.650000000062,0.324563573018
533.700000000062,0.294167167795
533.750000000062,0.263540150580
533.800000000062,0.232706531385
533.850000000062,0.201690482189
533.900000000062,0.170516317985
533.950000000062,0.139208477722
534.000000000062,0.107791505142
534.050000000062,0.076290029544
534.100000000062,0.044728746470
534.150000000062,0.013132398350
534.200000000062,-0.018474244898
534.250000000062,-0.050066405284
534.300000000062,-0.081619316173
534.350000000062,-0.113108241698
534.400000000062,-0.144508496156
534.450000000062,-0.175795463354
534.500000000062,-0.206944615913
534.550000000062,-0.237931534493
534.600000000062,-0.268731926937
534.650000000061,-0.299321647314
534.700000000061,-0.329676714851
534.750000000061,-0.359773332730
534.800000000061,-0.389587906743
534.850000000061,-0.419097063793
534.900000000061,-0.448277670210
534.950000000061,-0.477106849895
535.000000000061,-0.505562002247
535.050000000061,-0.533620819884
535.100000000061,-0.561261306130
535.150000000061,-0.588461792260
535.200000000061,-0.615200954486
535.250000000061,-0.641457830674
535.300000000061,-0.667211836779
535.350000000061,-0.692442782978
535.400000000061,-0.717130889502
535.450000000061,-0.741256802140
535.500000000061,-0.764801607412
535.550000000061,-0.787746847398
535.600000000061,-0.810074534203
535.650000000061,-0.831767164066
535.700000000061,-0.852807731075
535.750000000060,-0.873179740504
535.800000000060,-0.892867221740
535.850000000060,-0.911854740807
535.900000000060,-0.930127412463
535.950000000060,-0.947670911868
536.000000000060,-0.964471485818
536.050000000060,-0.980515963524
536.100000000060,-0.995791766936
536.150000000060,-1.010286920607
536.200000000060,-1.023990061080
536.250000000060,-1.036890445793
536.300000000060,-1.048977961507
536.350000000060,-1.060243132227
536.400000000060,-1.070677126637
536.450000000060,-1.080271765020
536.500000000060,-1.089019525671
536.550000000060,-1.096913550793
536.600000000060,-1.103947651875
536.650000000060,-1.110116314542
536.700000000060,-1.115414702879
536.750000000060,-1.119838663221
536.800000000060,-1.123384727408
536.850000000059,-1.126050115509
536.900000000059,-1.127832737996
536.950000000059,-1.128731197384
537.000000000059,-1.128744789326
537.050000000059,-1.127873503168
537.100000000059,-1.126118021954
537.150000000059,-1.123479721889
537.200000000059,-1.119960671268
537.250000000059,-1.115563628845
537.300000000059,-1.110292041675
537.350000000059,-1.104150042415
537.400000000059,-1.097142446075
537.450000000059,-1.089274746254
537.500000000059,-1.080553110824
537.550000000059,-1.070984377101
537.600000000059,-1.060576046482
537.650000000059,-1.049336278565
537.700000000059,-1.037273884754
537.750000000059,-1.024398321345
537.800000000059,-1.010719682123
537.850000000059,-0.996248690438
537.900000000059,-0.980996690808
537.950000000058,-0.964975640020
538.000000000058,-0.948198097755
538.050000000058,-0.930677216749
538.100000000058,-0.912426732474
538.150000000058,-0.893460952375
538.200000000058,-0.873794744652
538.250000000058,-0.853443526606
538.300000000058,-0.832423252548
538.350000000058,-0.810750401297
538.400000000058,-0.788441963258
538.450000000058,-0.765515427103
538.500000000058,-0.741988766064
538.550000000058,-0.717880423836
538.600000000058,-0.693209300126
538.650000000058,-0.667994735831
538.700000000058,-0.642256497878
538.750000000058,-0.616014763726
538.800000000058,-0.589290105553
538.850000000058,-0.562103474120
538.900000000058,-0.534476182354
538.950000000058,-0.506429888637
539.000000000058,-0.477986579827
539.050000000057,-0.449168554020
539.100000000057,-0.419998403074
539.150000000057,-0.390498994892
539.200000000057,-0.360693455499
539.250000000057,-0.330605150912
539.300000000057,-0.300257668821
539.350000000057,-0.269674800096
539.400000000057,-0.238880520140
539.450000000057,-0.207898970092
539.500000000057,-0.176754437901
539.550000000057,-0.145471339283
539.600000000057,-0.114074198586
539.650000000057,-0.082587629561
539.700000000057,-0.051036316064
539.750000000057,-0.019444992709
539.800000000057,0.012161574524
539.850000000057,0.043758607705
539.900000000057,0.075321336380
539.950000000057,0.106825016984
540.000000000057,0.138244952247
540.050000000057,0.169556510548
540.100000000057,0.200735145230
540.150000000056,0.231756413839
540.200000000056,0.262595997290
540.250000000056,0.293229718930
540.300000000056,0.323633563490
540.350000000056,0.353783695912
540.400000000056,0.383656480037
540.450000000056,0.413228497133
540.500000000056,0.442476564252
540.550000000056,0.471377752409
540.600000000056,0.499909404552
540.650000000056,0.528049153327
540.700000000056,0.555774938613
540.750000000056,0.583065024814
540.800000000056,0.609898017899
540.850000000056,0.636252882178
540.900000000056,0.662108956786
540.950000000056,0.687445971885
541.000000000056,0.712244064553
541.050000000056,0.736483794355
541.100000000056,0.760146158586
541.150000000056,0.783212607162
541.200000000056,0.805665057171
541.250000000055,0.827485907042
541.300000000055,0.848658050345
541.350000000055,0.869164889204
541.400000000055,0.888990347310
541.450000000055,0.908118882517
541.500000000055,0.926535499034
541.550000000055,0.944225759177
541.600000000055,0.961175794688
541.650000000055,0.977372317607
541.700000000055,0.992802630690
541.750000000055,1.007454637362
541.800000000055,1.021316851201
541.850000000055,1.034378404940
541.900000000055,1.046629058990
541.950000000055,1.058059209466
542.000000000055,1.068659895716
542.050000000055,1.078422807344
542.100000000055,1.087340290729
542.150000000055,1.095405355019
542.200000000055,1.102611677617
542.250000000055,1.108953609136
542.300000000055,1.114426177825
542.350000000054,1.119025093473
542.400000000054,1.122746750763
542.450000000054,1.125588232108
542.500000000054,1.127547309932
542.550000000054,1.128622448417
542.600000000054,1.128812804711
542.650000000054,1.128118229584
542.700000000054,1.126539267547
542.750000000054,1.124077156426
542.800000000054,1.120733826389
542.850000000054,1.116511898437
542.900000000054,1.111414682343
542.950000000054,1.105446174066
543.000000000054,1.098611052609
543.050000000054,1.090914676357
543.100000000054,1.082363078876
543.150000000054,1.072962964180
543.200000000054,1.062721701477
543.250000000054,1.051647319393
543.300000000054,1.039748499675
543.350000000054,1.027034570390
543.400000000054,1.013515498606
543.450000000053,0.999201882584
543.500000000053,0.984104943465
543.550000000053,0.968236516476
543.600000000053,0.951609041651
543.650000000053,0.934235554079
543.700000000053,0.916129673684
543.750000000053,0.897305594549
543.800000000053,0.877778073788
543.850000000053,0.857562419976
543.900000000053,0.836674481152
543.950000000053,0.815130632390
544.000000000053,0.792947762962
544.050000000053,0.770143263103
544.100000000053,0.746735010372
544.150000000053,0.722741355641
544.200000000053,0.698181108706
544.250000000053,0.673073523543
544.300000000053,0.647438283212
544.350000000053,0.621295484429
544.400000000053,0.594665621808
544.450000000053,0.567569571799
544.500000000053,0.540028576317
544.550000000052,0.512064226091
544.600000000052,0.483698443740
544.650000000052,0.454953466584
544.700000000052,0.425851829212
544.750000000052,0.396416345819
544.800000000052,0.366670092315
544.850000000052,0.336636388240
544.900000000052,0.306338778479
544.950000000052,0.275801014806
545.000000000052,0.245047037264
545.050000000052,0.214100955396
545.100000000052,0.182987029345
545.150000000052,0.151729650836
545.200000000052,0.120353324052
545.250000000052,0.088882646427
545.300000000052,0.057342289359
545.350000000052,0.025756978874
545.400000000052,-0.005848523764
545.450000000052,-0.037449441458
545.500000000052,-0.069021000708
545.550000000052,-0.100538451030
545.600000000052,-0.131977084355
545.650000000051,-0.163312254406
545.700000000051,-0.194519396014
545.750000000051,-0.225574044379
545.800000000051,-0.256451854247
545.850000000051,-0.287128618997
545.900000000051,-0.317580289617
545.950000000051,-0.347782993556
546.000000000051,-0.377713053441
546.050000000051,-0.407347005639
546.100000000051,-0.436661618648
546.150000000051,-0.465633911315
546.200000000051,-0.494241170845
546.250000000051,-0.522460970612
546.300000000051,-0.550271187738
546.350000000051,-0.577650020438
546.400000000051,-0.604576005110
546.450000000051,-0.631028033159
546.500000000051,-0.656985367552
546.550000000051,-0.682427659068
546.600000000051,-0.707334962253
546.650000000051,-0.731687751057
546.700000000051,-0.755466934141
546.750000000050,-0.778653869844
546.800000000050,-0.801230380796
546.850000000050,-0.823178768168
546.900000000050,-0.844481825549
546.950000000050,-0.865122852433
547.000000000050,-0.885085667312
547.050000000050,-0.904354620363
547.100000000050,-0.922914605712
547.150000000050,-0.940751073282
547.200000000050,-0.957850040196
547.250000000050,-0.974198101739
547.300000000050,-0.989782441869
547.350000000050,-1.004590843261
547.400000000050,-1.018611696887
547.450000000050,-1.031834011116
547.500000000050,-1.044247420331
547.550000000050,-1.055842193055
547.600000000050,-1.066609239579
547.650000000050,-1.076540119092
547.700000000050,-1.085627046291
547.750000000050,-1.093862897492
547.800000000050,-1.101241216210
547.850000000049,-1.107756218219
547.900000000049,-1.113402796092
547.950000000049,-1.118176523202
548.000000000049,-1.122073657190
548.050000000049,-1.125091142904
548.100000000049,-1.127226614789
548.150000000049,-1.128478398744
548.200000000049,-1.128845513436
548.250000000049,-1.128327671064
548.300000000049,-1.126925277592
548.350000000049,-1.124639432422
548.400000000049,-1.121471927542
548.450000000049,-1.117425246113
548.500000000049,-1.112502560525
548.550000000049,-1.106707729911
548.600000000049,-1.100045297124
548.650000000049,-1.092520485167
548.700000000049,-1.084139193109
548.750000000049,-1.074907991454
548.800000000049,-1.064834116989
548.850000000049,-1.053925467118
548.900000000049,-1.042190593663
548.950000000048,-1.029638696163
549.000000000048,-1.016279614664
549.050000000048,-1.002123822000
549.100000000048,-0.987182415589
549.150000000048,-0.971467108728
549.200000000048,-0.954990221411
549.250000000048,-0.937764670676
549.300000000048,-0.919803960471
549.350000000048,-0.901122171074
549.400000000048,-0.881733948050
549.450000000048,-0.861654490773
549.500000000048,-0.840899540509
549.550000000048,-0.819485368077
549.600000000048,-0.797428761090
549.650000000048,-0.774747010798
549.700000000048,-0.751457898533
549.750000000048,-0.727579681765
549.800000000048,-0.703131079792
549.850000000048,-0.678131259068
549.900000000048,-0.652599818171
549.950000000048,-0.626556772442
550.000000000048,-0.600022538296
550.050000000047,-0.573017917213
550.100000000047,-0.545564079432
550.150000000047,-0.517682547358
550.200000000047,-0.489395178682
550.250000000047,-0.460724149252
550.300000000047,-0.431691935688
550.350000000047,-0.402321297758
550.400000000047,-0.372635260537
550.450000000047,-0.342657096358
550.500000000047,-0.312410306567
550.550000000047,-0.281918603097
550.600000000047,-0.251205889881
550.650000000047,-0.220296244115
550.700000000047,-0.189213897378
550.750000000047,-0.157983216636
550.800000000047,-0.126628685144
550.850000000047,-0.095174883249
550.900000000047,-0.063646469120
550.950000000047,-0.032068159420
551.000000000047,-0.000464709925
551.050000000047,0.031139103879
551.100000000047,0.062718506220
551.150000000046,0.094248740465
551.200000000046,0.125705088524
551.250000000046,0.157062890233
551.300000000046,0.188297562681
551.350000000046,0.219384619484
551.400000000046,0.250299689982
551.450000000046,0.281018538344
551.500000000046,0.311517082565
551.550000000046,0.341771413350
551.600000000046,0.371757812852
551.650000000046,0.401452773270
551.700000000046,0.430833015277
551.750000000046,0.459875506266
551.800000000046,0.488557478414
551.850000000046,0.516856446522
551.900000000046,0.544750225650
551.950000000046,0.572216948503
552.000000000046,0.599235082577
552.050000000046,0.625783447040
552.100000000046,0.651841229332
552.150000000046,0.677388001488
552.200000000046,0.702403736147
552.250000000045,0.726868822253
552.300000000045,0.750764080434
552.350000000045,0.774070778029
552.400000000045,0.796770643782
552.450000000045,0.818845882161
552.500000000045,0.840279187310
552.550000000045,0.861053756615
552.600000000045,0.881153303878
552.650000000045,0.900562072083
552.700000000045,0.919264845751
552.750000000045,0.937246962864
552.800000000045,0.954494326364
552.850000000045,0.970993415202
552.900000000045,0.986731294936
552.950000000045,1.001695627876
553.000000000045,1.015874682750
553.050000000045,1.029257343906
553.100000000045,1.041833120022
553.150000000045,1.053592152336
553.200000000045,1.064525222367
553.250000000045,1.074623759148
553.300000000045,1.083879845945
553.350000000044,1.092286226459
553.400000000044,1.099836310518
553.450000000044,1.106524179243
553.500000000044,1.112344589688
553.550000000044,1.117292978949
553.600000000044,1.121365467742
553.650000000044,1.124558863445
553.700000000044,1.126870662599
553.750000000044,1.128299052871
553.800000000044,1.128842914478
553.850000000044,1.128501821059
553.900000000044,1.127276040014
553.950000000044,1.125166532292
554.000000000044,1.122174951641
554.050000000044,1.118303643305
554.100000000044,1.113555642193
554.150000000044,1.107934670493
554.200000000044,1.101445134760
554.250000000044,1.094092122457
554.300000000044,1.085881397970
554.350000000044,1.076819398085
554.400000000044,1.066913226947
554.450000000043,1.056170650487
554.500000000043,1.044600090333
554.550000000043,1.032210617214
554.600000000043,1.019011943840
554.650000000043,1.005014417296
554.700000000043,0.990229010925
554.750000000043,0.974667315730
554.800000000043,0.958341531281
554.850000000043,0.941264456158
554.900000000043,0.923449477913
554.950000000043,0.904910562577
555.000000000043,0.885662243709
555.050000000043,0.865719611005
555.100000000043,0.845098298469
555.150000000043,0.823814472153
555.200000000043,0.801884817486
555.250000000043,0.779326526195
555.300000000043,0.756157282824
555.350000000043,0.732395250874
555.400000000043,0.708059058561
555.450000000043,0.683167784212
555.500000000043,0.657740941313
555.550000000042,0.631798463205
555.600000000042,0.605360687462
555.650000000042,0.578448339947
555.700000000042,0.551082518562
555.750000000042,0.523284676709
555.800000000042,0.495076606472
555.850000000042,0.466480421533
555.900000000042,0.437518539836
555.950000000042,0.408213666015
556.000000000042,0.378588773587
556.050000000042,0.348667086953
556.100000000042,0.318472063181
556.150000000042,0.288027373624
556.200000000042,0.257356885359
556.250000000042,0.226484642477
556.300000000042,0.195434847236
556.350000000042,0.164231841085
556.400000000042,0.132900085583
556.450000000042,0.101464143220
556.500000000042,0.069948658167
556.550000000042,0.038378336948
556.600000000042,0.006777929079
556.650000000041,-0.024827792340
556.700000000041,-0.056414050041
556.750000000041,-0.087956082016
556.800000000041,-0.119429160928
556.850000000041,-0.150808613495
556.900000000041,-0.182069839834
556.950000000041,-0.213188332744
557.000000000041,-0.244139696920
557.050000000041,-0.274899668079
557.100000000041,-0.305444131978
557.150000000041,-0.335749143323
557.200000000041,-0.365790944537
557.250000000041,-0.395545984385
557.300000000041,-0.424990936442
557.350000000041,-0.454102717373
557.400000000041,-0.482858505032
557.450000000041,-0.511235756356
557.500000000041,-0.539212225032
557.550000000041,-0.566765978942
557.600000000041,-0.593875417354
557.650000000041,-0.620519287858
557.700000000041,-0.646676703023
557.750000000040,-0.672327156775
557.800000000040,-0.697450540473
557.850000000040,-0.722027158671
557.900000000040,-0.746037744558
557.950000000040,-0.769463475066
558.000000000040,-0.792285985621
558.050000000040,-0.814487384545
558.100000000040,-0.836050267077
558.150000000040,-0.856957729022
558.200000000040,-0.877193380001
558.250000000040,-0.896741356300
558.300000000040,-0.915586333306
558.350000000040,-0.933713537524
558.400000000040,-0.951108758153
558.450000000040,-0.967758358231
558.500000000040,-0.983649285326
558.550000000040,-0.998769081763
558.600000000040,-1.013105894396
558.650000000040,-1.026648483900
558.700000000040,-1.039386233578
558.750000000040,-1.051309157685
558.800000000040,-1.062407909261
558.850000000039,-1.072673787453
558.900000000039,-1.082098744338
558.950000000039,-1.090675391232
559.000000000039,-1.098397004484
559.050000000039,-1.105257530745
559.100000000039,-1.111251591712
559.150000000039,-1.116374488350
559.200000000039,-1.120622204570
559.250000000039,-1.123991410379
559.300000000039,-1.126479464494
559.350000000039,-1.128084416407
559.400000000039,-1.128805007918
559.450000000039,-1.128640674120
559.500000000039,-1.127591543842
559.550000000039,-1.125658439550
559.600000000039,-1.122842876696
559.650000000039,-1.119147062540
559.700000000039,-1.114573894409
559.750000000039,-1.109126957434
559.800000000039,-1.102810521733
559.850000000039,-1.095629539070
559.900000000039,-1.087589638966
559.950000000038,-1.078697124291
560.000000000038,-1.068958966321
560.050000000038,-1.058382799275
560.100000000038,-1.046976914323
560.150000000038,-1.034750253098
560.200000000038,-1.021712400673
560.250000000038,-1.007873578059
560.300000000038,-0.993244634183
560.350000000038,-0.977837037387
560.400000000038,-0.961662866439
560.450000000038,-0.944734801060
560.500000000038,-0.927066111987
560.550000000038,-0.908670650565
560.600000000038,-0.889562837896
560.650000000038,-0.869757653526
560.700000000038,-0.849270623704
560.750000000038,-0.828117809213
560.800000000038,-0.806315792775
560.850000000038,-0.783881666056
560.900000000038,-0.760833016260
560.950000000038,-0.737187912350
561.000000000038,-0.712964890875
561.050000000037,-0.688182941444
561.100000000037,-0.662861491836
561.150000000037,-0.637020392769
561.200000000037,-0.610679902343
561.250000000037,-0.583860670153
561.300000000037,-0.556583721102
561.350000000037,-0.528870438923
561.400000000037,-0.500742549408
561.450000000037,-0.472222103382
561.500000000037,-0.443331459414
561.550000000037,-0.414093266290
561.600000000037,-0.384530445255
561.650000000037,-0.354666172046
561.700000000037,-0.324523858724
561.750000000037,-0.294127135320
561.800000000037,-0.263499831306
561.850000000037,-0.232665956921
561.900000000037,-0.201649684343
561.950000000037,-0.170475328741
562.000000000037,-0.139167329213
562.050000000037,-0.107750229627
562.100000000037,-0.076248659380
562.150000000036,-0.044687314090
562.200000000036,-0.013090936234
562.250000000036,0.018515704245
562.300000000036,0.050107829361
562.350000000036,0.081660672505
562.400000000036,0.113149497864
562.450000000036,0.144549619812
562.500000000036,0.175836422263
562.550000000036,0.206985377965
562.600000000036,0.237972067732
562.650000000036,0.268772199587
562.700000000036,0.299361627804
562.750000000036,0.329716371838
562.800000000036,0.359812635124
562.850000000036,0.389626823735
562.900000000036,0.419135564872
562.950000000036,0.448315725194
563.000000000036,0.477144428951
563.050000000036,0.505599075915
563.100000000036,0.533657359100
563.150000000036,0.561297282249
563.200000000036,0.588497177079
563.250000000035,0.615235720264
563.300000000035,0.641491950158
563.350000000035,0.667245283219
563.400000000035,0.692475530155
563.450000000035,0.717162911744
563.500000000035,0.741288074343
563.550000000035,0.764832105061
563.600000000035,0.787776546583
563.650000000035,0.810103411642
563.700000000035,0.831795197120
563.750000000035,0.852834897769
563.800000000035,0.873206019539
563.850000000035,0.892892592516
563.900000000035,0.911879183434
563.950000000035,0.930150907779
564.000000000035,0.947693441454
564.050000000035,0.964493032012
564.100000000035,0.980536509435
564.150000000035,0.995811296457
564.200000000035,1.010305418428
564.250000000035,1.024007512699
564.300000000035,1.036906837530
564.350000000034,1.048993280510
564.400000000034,1.060257366488
564.450000000034,1.070690264997
564.500000000034,1.080283797179
564.550000000034,1.089030442196
564.600000000034,1.096923343127
564.650000000034,1.103956312340
564.700000000034,1.110123836350
564.750000000034,1.115421080133
564.800000000034,1.119843890920
564.850000000034,1.123388801456
564.900000000034,1.126053032711
564.950000000034,1.127834496065
565.000000000034,1.128731794942
565.050000000034,1.128744225905
565.100000000034,1.127871779209
565.150000000034,1.126115138808
565.200000000034,1.123475681818
565.250000000034,1.119955477437
565.300000000034,1.115557285327
565.350000000034,1.110284553443
565.400000000034,1.104141415338
565.450000000033,1.097132686918
565.500000000033,1.089263862667
565.550000000033,1.080541111339
565.600000000033,1.070971271125
565.650000000033,1.060561844290
565.700000000033,1.049320991291
565.750000000033,1.037257524381
565.800000000033,1.024380900700
565.850000000033,1.010701214862
565.900000000033,0.996229191040
565.950000000033,0.980976174558
566.000000000033,0.964954123001
566.050000000033,0.948175596837
566.100000000033,0.930653749571
566.150000000033,0.912402317433
566.200000000033,0.893435608611
566.250000000033,0.873768492034
566.300000000033,0.853416385713
566.350000000033,0.832395244658
566.400000000033,0.810721548367
566.450000000033,0.788412287907
566.500000000033,0.765484952595
566.550000000032,0.741957516289
566.600000000032,0.717848423293
566.650000000032,0.693176573902
566.700000000032,0.667961309581
566.750000000032,0.642222397806
566.800000000032,0.615980016566
566.850000000032,0.589254738544
566.900000000032,0.562067514988
566.950000000032,0.534439659289
567.000000000032,0.506392830272
567.050000000032,0.477949015213
567.100000000032,0.449130512607
567.150000000032,0.419959914683
567.200000000032,0.390460089697
567.250000000032,0.360654163999
567.300000000032,0.330565503910
567.350000000032,0.300217697397
567.400000000032,0.269634535587
567.450000000032,0.238839994111
567.500000000032,0.207858214314
567.550000000032,0.176713484323
567.600000000032,0.145430220011
567.650000000031,0.114032945856
567.700000000031,0.082546275712
567.750000000031,0.050994893516
567.800000000031,0.019403533935
567.850000000031,-0.012203037022
567.900000000031,-0.043800041423
567.950000000031,-0.075362708836
568.000000000031,-0.106866295744
568.050000000031,-0.138286104951
568.100000000031,-0.169597504934
568.150000000031,-0.200775949160
568.200000000031,-0.231796995326
568.250000000031,-0.262636324520
568.300000000031,-0.293269760288
568.350000000031,-0.323673287585
568.400000000031,-0.353823071603
568.450000000031,-0.383695476456
568.500000000031,-0.413267083708
568.550000000031,-0.442514710734
568.600000000031,-0.471415428893
568.650000000031,-0.499946581501
568.700000000031,-0.528085801596
568.750000000030,-0.555811029472
568.800000000030,-0.583100529969
568.850000000030,-0.609932909517
568.900000000030,-0.636287132905
568.950000000030,-0.662142539771
569.000000000030,-0.687478860801
569.050000000030,-0.712276233617
569.100000000030,-0.736515218348
569.150000000030,-0.760176812872
569.200000000030,-0.783242467712
569.250000000030,-0.805694100574
569.300000000030,-0.827514110529
569.350000000030,-0.848685391807
569.400000000030,-0.869191347208
569.450000000030,-0.889015901112
569.500000000030,-0.908143512085
569.550000000030,-0.926559185059
569.600000000030,-0.944248483091
569.650000000030,-0.961197538677
569.700000000030,-0.977393064625
569.750000000030,-0.992822364472
569.800000000030,-1.007473342438
569.850000000029,-1.021334512906
569.900000000029,-1.034395009428
569.950000000029,-1.046644593245
570.000000000029,-1.058073661310
570.050000000029,-1.068673253820
570.100000000029,-1.078435061235
570.150000000029,-1.087351430800
570.200000000029,-1.095415372538
570.250000000029,-1.102620564730
570.300000000029,-1.108961358876
570.350000000029,-1.114432784118
570.400000000029,-1.119030551138
570.450000000029,-1.122751055523
570.500000000029,-1.125591380587
570.550000000029,-1.127549299662
570.600000000029,-1.128623277839
570.650000000029,-1.128812473174
570.700000000029,-1.128116737349
570.750000000029,-1.126536615783
570.800000000029,-1.124073347211
570.850000000029,-1.120728862711
570.900000000029,-1.116505784186
570.950000000028,-1.111407422313
571.000000000028,-1.105437773948
571.050000000028,-1.098601518988
571.100000000028,-1.090904016708
571.150000000028,-1.082351301555
571.200000000028,-1.072950078419
571.250000000028,-1.062707717379
571.300000000028,-1.051632247920
571.350000000028,-1.039732352643
571.400000000028,-1.027017360456
571.450000000028,-1.013497239263
571.500000000028,-0.999182588146
571.550000000028,-0.984084629058
571.600000000028,-0.968215198025
571.650000000028,-0.951586735869
571.700000000028,-0.934212278453
571.750000000028,-0.916105446460
571.800000000028,-0.897280434721
571.850000000028,-0.877752001079
571.900000000028,-0.857535454827
571.950000000028,-0.836646644701
572.000000000028,-0.815101946459
572.050000000027,-0.792918250040
572.100000000027,-0.770112946327
572.150000000027,-0.746703913509
572.200000000027,-0.722709503069
572.250000000027,-0.698148525395
572.300000000027,-0.673040235037
572.350000000027,-0.647404315608
572.400000000027,-0.621260864355
572.450000000027,-0.594630376406
572.500000000027,-0.567533728698
572.550000000027,-0.539992163617
572.600000000027,-0.512027272337
572.650000000027,-0.483660977902
572.700000000027,-0.454915518033
572.750000000027,-0.425813427699
572.800000000027,-0.396377521448
572.850000000027,-0.366630875523
572.900000000027,-0.336596809769
572.950000000027,-0.306298869358
573.000000000027,-0.275760806322
573.050000000027,-0.245006560937
573.100000000027,-0.214060242959
573.150000000026,-0.182946112714
573.200000000026,-0.151688562087
573.250000000026,-0.120312095397
573.300000000026,-0.088841310187
573.350000000026,-0.057300877939
573.400000000026,-0.025715524739
573.450000000026,0.005889988116
573.500000000026,0.037490883522
573.550000000026,0.069062387995
573.600000000026,0.100579751094
573.650000000026,0.132018264819
573.700000000026,0.163353282987
573.750000000026,0.194560240548
573.800000000026,0.225614672845
573.850000000026,0.256492234795
573.900000000026,0.287168719971
573.950000000026,0.317620079579
574.000000000026,0.347822441313
574.050000000026,0.377752128068
574.100000000026,0.407385676504
574.150000000026,0.436699855435
574.200000000026,0.465671684048
574.250000000025,0.494278449911
574.300000000025,0.522497726788
574.350000000025,0.550307392208
574.400000000025,0.577685644820
574.450000000025,0.604611021476
574.500000000025,0.631062414058
574.550000000025,0.657019086032
574.600000000025,0.682460688694
574.650000000025,0.707367277132
574.700000000025,0.731719325856
574.750000000025,0.755497744107
574.800000000025,0.778683890824
574.850000000025,0.801259589254
574.900000000025,0.823207141206
574.950000000025,0.844509340925
575.000000000025,0.865149488576
575.050000000025,0.885111403341
575.100000000025,0.904379436102
575.150000000025,0.922938481706
575.200000000025,0.940773990814
575.250000000025,0.957871981300
575.300000000025,0.974219049214
575.350000000024,0.989802379294
575.400000000024,1.004609755005
575.450000000024,1.018629568125
575.500000000024,1.031850827838
575.550000000024,1.044263169353
575.600000000024,1.055856862030
575.650000000024,1.066622817009
575.700000000024,1.076552594331
575.750000000024,1.085638409561
575.800000000024,1.093873139883
575.850000000024,1.101250329693
575.900000000024,1.107764195649
575.950000000024,1.113409631217
576.000000000024,1.118182210662
576.050000000024,1.122078192527
576.100000000024,1.125094522562
576.150000000024,1.127228836119
576.200000000024,1.128479460005
576.250000000024,1.128845413795
576.300000000024,1.128326410600
576.350000000024,1.126922857292
576.400000000024,1.124635854185
576.450000000023,1.121467194172
576.500000000023,1.117419361320
576.550000000023,1.112495528923
576.600000000023,1.106699557014
576.650000000023,1.100035989337
576.700000000023,1.092510049788
576.750000000023,1.084127638319
576.800000000023,1.074895326310
576.850000000023,1.064820351421
576.900000000023,1.053910611918
576.950000000023,1.042174660475
577.000000000023,1.029621697479
577.050000000023,1.016261563809
577.100000000023,1.002104733127
577.150000000023,0.987162303661
577.200000000023,0.971445989512
577.250000000023,0.954968111464
577.300000000023,0.937741587330
577.350000000023,0.919779921824
577.400000000023,0.901097195969
577.450000000023,0.881708056067
577.500000000023,0.861627702210
577.550000000022,0.840871876368
577.600000000022,0.819456850043
577.650000000022,0.797399411521
577.700000000022,0.774716852703
577.750000000022,0.751426955553
577.800000000022,0.727547978158
577.850000000022,0.703098640414
577.900000000022,0.678098109348
577.950000000022,0.652565984096
578.000000000022,0.626522280538
578.050000000022,0.599987415602
578.100000000022,0.572982191263
578.150000000022,0.545527778235
578.200000000022,0.517645699370
578.250000000022,0.489357812791
578.300000000022,0.460686294752
578.350000000022,0.431653622254
578.400000000022,0.402282555425
578.450000000022,0.372596119678
578.500000000022,0.342617587657
578.550000000022,0.312370460997
578.600000000022,0.281878451894
578.650000000021,0.251165464524
578.700000000021,0.220255576293
578.750000000021,0.189173018973
578.800000000021,0.157942159695
578.850000000021,0.126587481853
578.900000000021,0.095133565910
578.950000000021,0.063605070124
579.000000000021,0.032026711220
579.050000000021,0.000423245015
579.100000000021,-0.031180552992
579.150000000021,-0.062759907042
579.200000000021,-0.094290060540
579.250000000021,-0.125746295460
579.300000000021,-0.157103951725
579.350000000021,-0.188338446539
579.400000000021,-0.219425293658
579.450000000021,-0.250340122585
579.500000000021,-0.281058697679
579.550000000021,-0.311556937149
579.600000000021,-0.341810931939
579.650000000021,-0.371796964465
579.700000000021,-0.401491527215
579.750000000020,-0.430871341172
579.800000000020,-0.459913374067
579.850000000020,-0.488594858433
579.900000000020,-0.516893309456
579.950000000020,-0.544786542599
580.000000000020,-0.572252690997
580.050000000020,-0.599270222597
580.100000000020,-0.625817957036
580.150000000020,-0.651875082251
580.200000000020,-0.677421170791
580.250000000020,-0.702436195831
580.300000000020,-0.726900546872
580.350000000020,-0.750795045116
580.400000000020,-0.774100958500
580.450000000020,-0.796800016382
580.500000000020,-0.818874423863
580.550000000020,-0.840306875739
580.600000000020,-0.861080570065
580.650000000020,-0.881179221329
580.700000000020,-0.900587073217
580.750000000020,-0.919288910967
580.800000000020,-0.937270073298
580.850000000019,-0.954516463898
580.900000000019,-0.971014562480
580.950000000019,-0.986751435381
581.000000000019,-1.001714745698
581.050000000019,-1.015892762962
581.100000000019,-1.029274372334
581.150000000019,-1.041849083318
581.200000000019,-1.053607037983
581.250000000019,-1.064539018697
581.300000000019,-1.074636455346
581.350000000019,-1.083891432056
581.400000000019,-1.092296693401
581.450000000019,-1.099845650086
581.500000000019,-1.106532384115
581.550000000019,-1.112351653431
581.600000000019,-1.117298896026
581.650000000019,-1.121370233514
581.700000000019,-1.124562474176
581.750000000019,-1.126873115459
581.800000000019,-1.128300345937
581.850000000019,-1.128843046735
581.900000000019,-1.128500792404
581.950000000018,-1.127273851254
582.000000000018,-1.125163185143
582.050000000018,-1.122170448726
582.100000000018,-1.118297988155
582.150000000018,-1.113548839240
582.200000000018,-1.107926725072
582.250000000018,-1.101436053098
582.300000000018,-1.094081911675
582.350000000018,-1.085870066072
582.400000000018,-1.076806953955
582.450000000018,-1.066899680341
582.500000000018,-1.056156012023
582.550000000018,-1.044584371489
582.600000000018,-1.032193830311
582.650000000018,-1.018994102039
582.700000000018,-1.004995534583
582.750000000018,-0.990209102105
582.800000000018,-0.974646396409
582.850000000018,-0.958319617860
582.900000000018,-0.941241565815
582.950000000018,-0.923425628593
583.000000000018,-0.904885772976
583.050000000017,-0.885636533262
583.100000000017,-0.865692999867
583.150000000017,-0.845070807502
583.200000000017,-0.823786122908
583.250000000017,-0.801855632188
583.300000000017,-0.779296527723
583.350000000017,-0.756126494696
583.400000000017,-0.732363697226
583.450000000017,-0.708026764129
583.500000000017,-0.683134774314
583.550000000017,-0.657707241827
583.600000000017,-0.631764100549
583.650000000017,-0.605325688576
583.700000000017,-0.578412732267
583.750000000017,-0.551046330003
583.800000000017,-0.523247935641
583.850000000017,-0.495039341697
583.900000000017,-0.466442662266
583.950000000017,-0.437480315679
584.000000000017,-0.408175006932
584.050000000017,-0.378549709886
584.100000000017,-0.348627649257
584.150000000016,-0.318432282408
584.200000000016,-0.287987280960
584.250000000016,-0.257316512234
584.300000000016,-0.226444020542
584.350000000016,-0.195394008336
584.400000000016,-0.164190817236
584.450000000016,-0.132858908945
584.500000000016,-0.101422846075
584.550000000016,-0.069907272888
584.600000000016,-0.038336895980
584.650000000016,-0.006736464909
584.700000000016,0.024869247206
584.750000000016,0.056455463104
584.800000000016,0.087997420811
584.850000000016,0.119470393048
584.900000000016,0.150849706615
584.950000000016,0.182110761739
585.000000000016,0.213229051354
585.050000000016,0.244180180314
585.100000000016,0.274939884519
585.150000000016,0.305484049937
585.200000000016,0.335788731507
585.250000000015,0.365830171911
585.300000000015,0.395584820198
585.350000000015,0.425029350247
585.400000000015,0.454140679056
585.450000000015,0.482895984834
585.500000000015,0.511272724894
585.550000000015,0.539248653324
585.600000000015,0.566801838431
585.650000000015,0.593910679928
585.700000000015,0.620553925872
585.750000000015,0.646710689322
585.800000000015,0.672360464717
585.850000000015,0.697483143946
585.900000000015,0.722059032115
585.950000000015,0.746068862987
586.000000000015,0.769493814084
586.050000000015,0.792315521444
586.100000000015,0.814516094018
586.150000000015,0.836078127693
586.200000000015,0.856984718941
586.250000000015,0.877219478063
586.300000000015,0.896766542046
586.350000000014,0.915610586992
586.400000000014,0.933736840136
586.450000000014,0.951131091423
586.500000000014,0.967779704651
586.550000000014,0.983669628160
586.600000000014,0.998788405065
586.650000000014,1.013124183017
586.700000000014,1.026665723503
586.750000000014,1.039402410647
586.800000000014,1.051324259539
586.850000000014,1.062421924061
586.900000000014,1.072686704212
586.950000000014,1.082110552929
587.000000000014,1.090686082399
587.050000000014,1.098406569845
587.100000000014,1.105265962800
587.150000000014,1.111258883853
587.200000000014,1.116380634859
587.250000000014,1.120627200628
587.300000000014,1.123995252071
587.350000000014,1.126482148807
587.400000000014,1.128085941237
587.450000000013,1.128805372070
587.500000000013,1.128639877308
587.550000000013,1.127589586691
587.600000000013,1.125655323594
587.650000000013,1.122838604378
587.700000000013,1.119141637209
587.750000000013,1.114567320319
587.800000000013,1.109119239737
587.850000000013,1.102801666481
587.900000000013,1.095619553204
587.950000000013,1.087578530315
588.000000000013,1.078684901563
588.050000000013,1.068945639100
588.100000000013,1.058368378006
588.150000000013,1.046961410314
588.200000000013,1.034733678501
588.250000000013,1.021694768484
588.300000000013,1.007854902099
588.350000000013,0.993224929093
588.400000000013,0.977816318616
588.450000000013,0.961641150229
588.500000000013,0.944712104435
588.550000000012,0.927042452739
588.600000000012,0.908646047244
588.650000000012,0.889537309789
588.700000000012,0.869731220644
588.750000000012,0.849243306771
588.800000000012,0.828089629643
588.850000000012,0.806286772660
588.900000000012,0.783851828146
588.950000000012,0.760802383947
589.000000000012,0.737156509647
589.050000000012,0.712932742401
589.100000000012,0.688150072401
589.150000000012,0.662827927992
589.200000000012,0.636986160437
589.250000000012,0.610645028359
589.300000000012,0.583825181856
589.350000000012,0.556547646313
589.400000000012,0.528833805923
589.450000000012,0.500705386915
589.500000000012,0.472184440530
589.550000000012,0.443293325729
589.600000000012,0.414054691667
589.650000000011,0.384491459933
589.700000000011,0.354626806589
589.750000000011,0.324484143993
589.800000000011,0.294087102447
589.850000000011,0.263459511677
589.900000000011,0.232625382144
589.950000000011,0.201608886226
590.000000000011,0.170434339268
590.050000000011,0.139126180517
590.100000000011,0.107708953967
590.150000000011,0.076207289114
590.200000000011,0.044645881650
590.250000000011,0.013049474101
590.300000000011,-0.018557163567
590.350000000011,-0.050149253370
590.400000000011,-0.081702028726
590.450000000011,-0.113190753877
590.500000000011,-0.144590743274
590.550000000011,-0.175877380935
590.600000000011,-0.207026139737
590.650000000011,-0.238012600649
590.700000000011,-0.268812471874
590.750000000010,-0.299401607889
590.800000000010,-0.329756028379
590.850000000010,-0.359851937033
590.900000000010,-0.389665740200
590.950000000010,-0.419174065386
591.000000000010,-0.448353779574
591.050000000010,-0.477182007363
591.100000000010,-0.505636148900
591.150000000010,-0.533693897595
591.200000000010,-0.561333257610
591.250000000010,-0.588532561103
591.300000000010,-0.615270485212
591.350000000010,-0.641526068775
591.400000000010,-0.667278728760
591.450000000010,-0.692508276398
591.500000000010,-0.717194933019
591.550000000010,-0.741319345546
591.600000000010,-0.764862601677
591.650000000010,-0.787806244705
591.700000000010,-0.810132287988
591.750000000010,-0.831823229053
591.800000000010,-0.852862063312
591.850000000009,-0.873232297396
591.900000000009,-0.892917962087
591.950000000009,-0.911903624830
592.000000000009,-0.930174401840
592.050000000009,-0.947715969762
592.100000000009,-0.964514576905
592.150000000009,-0.980557054023
592.200000000009,-0.995830824634
592.250000000009,-1.010323914886
592.300000000009,-1.024024962937
592.350000000009,-1.036923227867
592.400000000009,-1.049008598098
592.450000000009,-1.060271599319
592.500000000009,-1.070703401912
592.550000000009,-1.080295827880
592.600000000009,-1.089041357252
592.650000000009,-1.096933133980
592.700000000009,-1.103964971317
592.750000000009,-1.110131356660
592.800000000009,-1.115427455881
592.850000000009,-1.119849117109
592.900000000009,-1.123392873988
592.950000000008,-1.126055948393
593.000000000008,-1.127836252612
593.050000000008,-1.128732390976
593.100000000008,-1.128743660960
593.150000000008,-1.127870053728
593.200000000008,-1.126112254142
593.250000000008,-1.123471640230
593.300000000008,-1.119950282095
593.350000000008,-1.115550940303
593.400000000008,-1.110277063713
593.450000000008,-1.104132786773
593.500000000008,-1.097122926281
593.550000000008,-1.089252977611
593.600000000008,-1.080529110397
593.650000000008,-1.070958163705
593.700000000008,-1.060547640668
593.750000000008,-1.049305702601
593.800000000008,-1.037241162609
593.850000000008,-1.024363478673
593.900000000008,-1.010682746238
593.950000000008,-0.996209690297
594.000000000008,-0.980955656984
594.050000000007,-0.964932604681
594.100000000007,-0.948153094640
594.150000000007,-0.930630281137
594.200000000007,-0.912377901160
594.250000000007,-0.893410263641
594.300000000007,-0.873742238236
594.350000000007,-0.853389243669
594.400000000007,-0.832367235645
594.450000000007,-0.810692694343
594.500000000007,-0.788382611492
594.550000000007,-0.765454477054
594.600000000007,-0.741926265513
594.650000000007,-0.717816421782
594.700000000007,-0.693143846742
594.750000000007,-0.667927882429
594.800000000007,-0.642188296868
594.850000000007,-0.615945268574
594.900000000007,-0.589219370739
594.950000000007,-0.562031555097
595.000000000007,-0.534403135504
595.050000000007,-0.506355771224
595.100000000007,-0.477911449955
595.150000000006,-0.449092470587
595.200000000006,-0.419921425726
595.250000000006,-0.390421183975
595.300000000006,-0.360614872013
595.350000000006,-0.330525856462
595.400000000006,-0.300177725569
595.450000000006,-0.269594270714
595.500000000006,-0.238799467760
595.550000000006,-0.207817458255
595.600000000006,-0.176672530506
595.650000000006,-0.145389100543
595.700000000006,-0.113991692972
595.750000000006,-0.082504921752
595.800000000006,-0.050953470899
595.850000000006,-0.019362075135
595.900000000006,0.012244499504
595.950000000006,0.043841475082
596.000000000006,0.075404081190
596.050000000006,0.106907574360
596.100000000006,0.138327257468
596.150000000006,0.169638499091
596.200000000006,0.200816752820
596.250000000005,0.231837576500
596.300000000005,0.262676651395
596.350000000005,0.293309801250
596.400000000005,0.323713011244
596.450000000005,0.353862446817
596.500000000005,0.383734472357
596.550000000005,0.413305669726
596.600000000005,0.442552856619
596.650000000005,0.471453104740
596.700000000005,0.499983757775
596.750000000005,0.528122449153
596.800000000005,0.555847119581
596.850000000005,0.583136034338
596.900000000005,0.609967800312
596.950000000005,0.636321382773
597.000000000005,0.662176121863
597.050000000005,0.687511748789
597.100000000005,0.712308401719
597.150000000005,0.736546641347
597.200000000005,0.760207466133
597.250000000005,0.783272327204
597.300000000005,0.805723142890
597.350000000004,0.827542312901
597.400000000004,0.848712732125
597.450000000004,0.869217804038
597.500000000004,0.889041453714
597.550000000004,0.908168140427
597.600000000004,0.926582869835
597.650000000004,0.944271205732
597.700000000004,0.961219281369
597.750000000004,0.977413810323
597.800000000004,0.992842096914
597.850000000004,1.007492046153
597.900000000004,1.021352173232
597.950000000004,1.034411612521
598.000000000004,1.046660126089
598.050000000004,1.058088111727
598.100000000004,1.068686610481
598.150000000004,1.078447313671
598.200000000004,1.087362569405
598.250000000004,1.095425388579
598.300000000004,1.102629450356
598.350000000004,1.108969107120
598.400000000004,1.114439388907
598.450000000003,1.119036007293
598.500000000003,1.122755358767
598.550000000003,1.125594527548
598.600000000003,1.127551287871
598.650000000003,1.128624105738
598.700000000003,1.128812140115
598.750000000003,1.128115243591
598.800000000003,1.126533962498
598.850000000003,1.124069536480
598.900000000003,1.120723897520
598.950000000003,1.116499668428
599.000000000003,1.111400160783
599.050000000003,1.105429372338
599.100000000003,1.098591983885
599.150000000003,1.090893355586
599.200000000003,1.082339522773
599.250000000003,1.072937191211
599.300000000003,1.062693731846
599.350000000003,1.051617175027
599.400000000003,1.039716204207
599.450000000003,1.027000149137
599.500000000003,1.013478978553
599.550000000002,0.999163292360
599.600000000002,0.984064313323
599.650000000002,0.968193878269
599.700000000002,0.951564428804
599.750000000002,0.934189001567
599.800000000002,0.916081218001
599.850000000002,0.897255273682
599.900000000002,0.877725927186
599.950000000002,0.857508488520
600.000000000002,0.836618807121
600.050000000002,0.815073259429
600.100000000002,0.792888736049
600.150000000002,0.770082628512
600.200000000002,0.746672815638
600.250000000002,0.722677649521
600.300000000002,0.698115941142
600.350000000002,0.673006945623
600.400000000002,0.647370347130
600.450000000002,0.621226243443
600.500000000002,0.594595130201
600.550000000002,0.567497884831
600.600000000002,0.539955750187
600.650000000001,0.511990317892
600.700000000001,0.483623511411
600.750000000001,0.454877568869
600.800000000001,0.425775025611
600.850000000001,0.396338696542
600.900000000001,0.366591658235
600.950000000001,0.336557230845
601.000000000001,0.306258959824
601.050000000001,0.275720597465
601.100000000001,0.244966084281
601.150000000001,0.214019530233
601.200000000001,0.182905195836
601.250000000001,0.151647473133
601.300000000001,0.120270866579
601.350000000001,0.088799973826
601.400000000001,0.057259466442
601.450000000001,0.025674070569
601.500000000001,-0.005931452460
601.550000000001,-0.037532325535
601.600000000001,-0.069103775188
601.650000000001,-0.100621051022
601.700000000001,-0.132059445105
601.750000000000,-0.163394311347
601.800000000000,-0.194601084818
601.850000000000,-0.225655301007
601.900000000000,-0.256532614997
601.950000000000,-0.287208820557
602.000000000000,-0.317659869112
602.050000000000,-0.347861888600
602.100000000000,-0.377791202186
602.150000000000,-0.407424346819
602.200000000000,-0.436738091632
602.250000000000,-0.465709456152
602.300000000000,-0.494315728311
602.350000000000,-0.522534482259
602.400000000000,-0.550343595936
602.450000000000,-0.577721268423
602.500000000000,-0.604646037026
602.550000000000,-0.631096794106
602.600000000000,-0.657052803625
602.650000000000,-0.682493717399
602.700000000000,-0.707399591057
602.750000000000,-0.731750899668
602.799999999999,-0.755528553054
602.849999999999,-0.778713910752
602.899999999999,-0.801288796631
602.949999999999,-0.823235513135
602.999999999999,-0.844536855162
603.049999999999,-0.865176123552
603.099999999999,-0.885137138176
603.149999999999,-0.904404250620
603.199999999999,-0.922962356456
603.249999999999,-0.940796907077
603.299999999999,-0.957893921112
603.349999999999,-0.974239995375
603.399999999999,-0.989822315383
603.449999999999,-1.004628665394
603.499999999999,-1.018647437989
603.549999999999,-1.031867643167
603.599999999999,-1.044278916965
603.649999999999,-1.055871529581
603.699999999999,-1.066636392999
603.749999999999,-1.076565068118
603.799999999999,-1.085649771365
603.849999999999,-1.093883380798
603.899999999998,-1.101259441690
603.949999999998,-1.107772171586
603.999999999998,-1.113416464839
604.049999999998,-1.118187896613
604.099999999998,-1.122082726350
604.149999999998,-1.125097900702
604.199999999998,-1.127231055928
604.249999999998,-1.128480519743
604.299999999998,-1.128845312631
604.349999999998,-1.128325148613
604.399999999998,-1.126920435471
604.449999999998,-1.124632274429
604.499999999998,-1.121462459288
604.549999999998,-1.117413475020
604.599999999998,-1.112488495821
604.649999999998,-1.106691382623
604.699999999998,-1.100026680066
604.749999999998,-1.092499612935
604.799999999998,-1.084116082066
604.849999999998,-1.074882659716
604.899999999998,-1.064806584417
604.949999999998,-1.053895755295
604.999999999997,-1.042158725881
605.049999999997,-1.029604697406
605.099999999997,-1.016243511584
605.149999999997,-1.002085642901
605.199999999997,-0.987142190401
605.249999999997,-0.971424868985
605.299999999997,-0.954946000228
605.349999999997,-0.937718502720
605.399999999997,-0.919755881935
605.449999999997,-0.901072219648
605.499999999997,-0.881682162895
605.549999999997,-0.861600912485
605.599999999997,-0.840844211091
605.649999999997,-0.819428330904
605.699999999997,-0.797370060876
605.749999999997,-0.774686693562
605.799999999997,-0.751396011560
605.849999999997,-0.727516273571
605.899999999997,-0.703066200087
605.949999999997,-0.678064958713
605.999999999997,-0.652532149142
606.049999999997,-0.626487787789
606.099999999996,-0.599952292098
606.149999999996,-0.572946464541
606.199999999996,-0.545491476301
606.249999999996,-0.517608850684
606.299999999996,-0.489320446241
606.349999999996,-0.460648439630
606.399999999996,-0.431615308237
606.449999999996,-0.402243812550
606.499999999996,-0.372556978316
606.549999999996,-0.342578078494
606.599999999996,-0.312330615005
606.649999999996,-0.281838300312
606.699999999996,-0.251125038827
606.749999999996,-0.220214908174
606.799999999996,-0.189132140313
606.849999999996,-0.157901102541
606.899999999996,-0.126546278392
606.949999999996,-0.095092248442
606.999999999996,-0.063563671041
607.049999999996,-0.031985262977
607.099999999996,-0.000381780105
607.149999999996,0.031222002062
607.199999999995,0.062801307780
607.249999999995,0.094331380489
607.299999999995,0.125787502227
607.349999999995,0.157145013006
607.399999999995,0.188379330144
607.449999999995,0.219465967536
607.499999999995,0.250380554850
607.549999999995,0.281098856634
607.599999999995,0.311596791312
607.649999999995,0.341850450066
607.699999999995,0.371836115577
607.749999999995,0.401530280618
607.799999999995,0.430909666486
607.849999999995,0.459951241246
607.899999999995,0.488632237792
607.949999999995,0.516930171691
607.999999999995,0.544822858813
608.049999999995,0.572288432720
608.099999999995,0.599305361807
608.149999999995,0.625852466188
608.199999999995,0.651908934291
608.249999999995,0.677454339180
608.299999999994,0.702468654567
608.349999999994,0.726932270509
608.399999999994,0.750826008784
608.449999999994,0.774131137926
608.499999999994,0.796829387907
608.549999999994,0.818902964461
608.599999999994,0.840334563035
608.649999999994,0.861107382354
608.699999999994,0.881205137591
608.749999999994,0.900612073135
608.799999999994,0.919312974943
608.849999999994,0.937293182466
608.899999999994,0.954538600143
608.949999999994,0.971035708448
608.999999999994,0.986771574494
609.049999999994,1.001733862168
609.099999999994,1.015910841804
609.149999999994,1.029291399374
609.199999999994,1.041865045207
609.249999999994,1.053621922209
609.299999999994,1.064552813591
609.349999999994,1.074649150093
609.399999999993,1.083903016705
609.449999999993,1.092307158870
609.499999999993,1.099854988170
609.549999999993,1.106540587493
609.599999999993,1.112358715674
609.649999999993,1.117304811596
609.699999999993,1.121374997774
609.749999999993,1.124566083390
609.799999999993,1.126875566798
609.849999999993,1.128301637480
609.899999999993,1.128843177469
609.949999999993,1.128499762227
609.999999999993,1.127271660973
610.049999999993,1.125159836476
610.099999999993,1.122165944297
610.149999999993,1.118292331496
610.199999999993,1.113542034785
610.249999999993,1.107918778155
610.299999999993,1.101426969951
610.349999999993,1.094071699417
610.399999999993,1.085858732709
610.449999999993,1.076794508372
610.499999999992,1.066886132294
610.549999999992,1.056141372135
610.599999999992,1.044568651235
610.649999999992,1.032177042015
610.699999999992,1.018976258863
610.749999999992,1.004976650515
610.799999999992,0.990189191949
610.849999999992,0.974625475773
610.899999999992,0.958297703145
610.949999999992,0.941218674202
610.999999999992,0.923401778027
611.049999999992,0.904860982154
611.099999999992,0.885610821619
611.149999999992,0.865666387561
611.199999999992,0.845043315394
611.249999999992,0.823757772551
611.299999999992,0.801826445807
611.349999999992,0.779266528200
611.399999999992,0.756095705548
611.449999999992,0.732332142590
611.499999999992,0.707994468742
611.549999999992,0.683101763495
611.599999999991,0.657673541453
611.649999999991,0.631729737041
611.699999999991,0.605290688873
611.749999999991,0.578377123807
611.799999999991,0.551010140700
611.849999999991,0.523211193866
611.899999999991,0.495002076255
611.949999999991,0.466404902370
611.999999999991,0.437442090931
612.049999999991,0.408136347299
612.099999999991,0.378510645675
612.149999999991,0.348588211091
612.199999999991,0.318392501206
612.249999999991,0.287947187907
612.299999999991,0.257276138762
612.349999999991,0.226403398301
612.399999999991,0.195353169173
612.449999999991,0.164149793166
612.499999999991,0.132817732129
612.549999999991,0.101381548792
612.599999999991,0.069865887515
612.649999999991,0.038295454960
612.699999999990,0.006695000730
612.749999999990,-0.024910702038
612.799999999990,-0.056496876091
612.849999999990,-0.088038759488
612.899999999990,-0.119511625006
612.949999999990,-0.150890799531
612.999999999990,-0.182151683399
613.049999999990,-0.213269769676
613.099999999990,-0.244220663378
613.149999999990,-0.274980100588
613.199999999990,-0.305523967484
613.249999999990,-0.335828319239
613.299999999990,-0.365869398792
613.349999999990,-0.395623655477
613.399999999990,-0.425067763479
613.449999999990,-0.454178640127
613.499999999990,-0.482933463984
613.549999999990,-0.511309692741
613.599999999990,-0.539285080889
613.649999999990,-0.566837697155
613.699999999990,-0.593945941700
613.749999999990,-0.620588563048
613.799999999989,-0.646744674750
613.849999999989,-0.672393771753
613.899999999989,-0.697515746479
613.949999999989,-0.722090904586
613.999999999989,-0.746099980410
614.049999999989,-0.769524152064
614.099999999989,-0.792345056198
614.149999999989,-0.814544802392
614.199999999989,-0.836105987182
614.249999999989,-0.857011707703
614.299999999989,-0.877245574942
614.349999999989,-0.896791726582
614.399999999989,-0.915634839442
614.449999999989,-0.933760141487
614.499999999989,-0.951153423409
614.549999999989,-0.967801049764
614.599999999989,-0.983689969667
614.649999999989,-0.998807727019
614.699999999989,-1.013142470271
614.749999999989,-1.026682961720
614.799999999989,-1.039418586314
614.849999999989,-1.051339359975
614.899999999988,-1.062435937427
614.949999999988,-1.072699619523
614.999999999988,-1.082122360060
615.049999999988,-1.090696772094
615.099999999988,-1.098416133723
615.149999999988,-1.105274393365
615.199999999988,-1.111266174494
615.249999999988,-1.116386779862
615.299999999988,-1.120632195175
615.349999999988,-1.123999092246
615.399999999988,-1.126484831600
615.449999999988,-1.128087464545
615.499999999988,-1.128805734698
615.549999999988,-1.128639078973
615.599999999988,-1.127587628018
615.649999999988,-1.125652206119
615.699999999988,-1.122834330545
615.749999999988,-1.119136210368
615.799999999988,-1.114560744724
615.849999999988,-1.109111520545
615.899999999988,-1.102792809741
615.949999999988,-1.095609565860
615.999999999987,-1.087567420196
616.049999999987,-1.078672677381
616.099999999987,-1.068932310435
616.149999999987,-1.058353955309
616.199999999987,-1.046945904891
616.249999999987,-1.034717102508
616.299999999987,-1.021677134915
616.349999999987,-1.007836224779
616.399999999987,-0.993205222663
616.449999999987,-0.977795598525
616.499999999987,-0.961619432721
616.549999999987,-0.944689406535
616.599999999987,-0.927018792242
616.649999999987,-0.908621442697
616.699999999987,-0.889511780481
616.749999999987,-0.869704786590
616.799999999987,-0.849215988692
616.849999999987,-0.828061448956
616.899999999987,-0.806257751457
616.949999999987,-0.783821989178
616.999999999987,-0.760771750607
617.049999999987,-0.737125105950
617.099999999986,-0.712900592965
617.149999999986,-0.688117202430
617.199999999986,-0.662794363254
617.249999999986,-0.636951927245
617.299999999986,-0.610610153551
617.349999999986,-0.583789692771
617.399999999986,-0.556511570774
617.449999999986,-0.528797172209
617.499999999986,-0.500668223747
617.549999999986,-0.472146777042
617.599999999986,-0.443255191446
617.649999999986,-0.414016116485
617.699999999986,-0.384452474093
617.749999999986,-0.354587440654
617.799999999986,-0.324444428823
617.849999999986,-0.294047069178
617.899999999986,-0.263419191692
617.949999999986,-0.232584807052
617.999999999986,-0.201568087836
618.049999999986,-0.170393349564
618.099999999986,-0.139085031633
618.149999999986,-0.107667678161
618.199999999985,-0.076165918745
618.249999999985,-0.044604449149
618.299999999985,-0.013008011950
618.349999999985,0.018598622864
618.399999999985,0.050190677311
618.449999999985,0.081743384837
618.499999999985,0.113232009737
618.549999999985,0.144631866541
618.599999999985,0.175918339369
618.649999999985,0.207066901230
618.699999999985,0.238053133246
618.749999999985,0.268852743799
618.799999999985,0.299441587571
618.849999999985,0.329795684476
618.899999999985,0.359891238457
618.949999999985,0.389704656140
618.999999999985,0.419212565334
619.049999999985,0.448391833348
619.099999999985,0.477219585132
619.149999999985,0.505673221204
619.199999999985,0.533730435371
619.249999999985,0.561369232214
619.299999999984,0.588567944333
619.349999999984,0.615305249330
619.399999999984,0.641560186528
619.449999999984,0.667312173399
619.499999999984,0.692541021707
619.549999999984,0.717226953326
619.599999999984,0.741350615749
619.649999999984,0.764893097262
619.699999999984,0.787835941764
619.749999999984,0.810161163241
619.799999999984,0.831851259863
619.849999999984,0.852889227704
619.899999999984,0.873258574075
619.949999999984,0.892943330453
619.999999999984,0.911928064996
620.049999999984,0.930197894646
620.099999999984,0.947738496790
620.149999999984,0.964536120497
620.199999999984,0.980577597288
620.249999999984,0.995850351468
620.299999999984,1.010342409980
620.349999999984,1.024042411793
620.399999999983,1.036939616806
620.449999999983,1.049023914271
620.499999999983,1.060285830719
620.549999999983,1.070716537383
620.599999999983,1.080307857124
620.649999999983,1.089052270839
620.699999999983,1.096942923354
620.749999999983,1.103973628803
620.799999999983,1.110138875473
620.849999999983,1.115433830125
620.899999999983,1.119854341787
620.949999999983,1.123396945004
620.999999999983,1.126058862556
621.049999999983,1.127838007637
621.099999999983,1.128732985488
621.149999999983,1.128743094492
621.199999999983,1.127868326724
621.249999999983,1.126109367958
621.299999999983,1.123467597126
621.349999999983,1.119945085242
621.399999999983,1.115544593775
621.449999999983,1.110269572484
621.499999999982,1.104124156717
621.549999999982,1.097113164164
621.599999999982,1.089242091085
621.649999999982,1.080517107997
621.699999999982,1.070945054840
621.749999999982,1.060533435614
621.799999999982,1.049290412495
621.849999999982,1.037224799438
621.899999999982,1.024346055264
621.949999999982,1.010664276250
621.999999999982,0.996190188210
622.049999999982,0.980935138087
622.099999999982,0.964911085059
622.149999999982,0.948130591164
622.199999999982,0.930606811448
622.249999999982,0.912353483657
622.299999999982,0.893384917466
622.349999999982,0.873715983259
622.399999999982,0.853362100473
622.449999999982,0.832339225509
622.499999999982,0.810663839225
622.549999999982,0.788352934013
622.599999999981,0.765424000481
622.649999999981,0.741895013737
622.699999999981,0.717784419302
622.749999999981,0.693111118647
622.799999999981,0.667894454376
622.849999999981,0.642154195063
622.899999999981,0.615910519752
622.949999999981,0.589184002140
622.999999999981,0.561995594449
623.049999999981,0.534366610997
623.099999999981,0.506318711492
623.149999999981,0.477873884051
623.199999999981,0.449054427962
623.249999999981,0.419882936202
623.299999999981,0.390382277726
623.349999999981,0.360575579540
623.399999999981,0.330486208568
623.449999999981,0.300137753336
623.499999999981,0.269554005478
623.549999999981,0.238758941087
623.599999999981,0.207776701915
623.649999999981,0.176631576451
623.699999999980,0.145347980879
623.749999999980,0.113950439934
623.799999999980,0.082463567681
623.849999999980,0.050912048214
623.899999999980,0.019320616309
623.949999999980,-0.012285961969
623.999999999980,-0.043882908682
624.049999999980,-0.075445453443
624.099999999980,-0.106948852832
624.149999999980,-0.138368409799
624.199999999980,-0.169679493020
624.249999999980,-0.200857556209
624.299999999980,-0.231878157362
624.349999999980,-0.262716977916
624.399999999980,-0.293349841816
624.449999999980,-0.323752734466
624.499999999980,-0.353901821554
624.549999999980,-0.383773467741
624.599999999980,-0.413344255186
624.649999999980,-0.442591001907
624.699999999980,-0.471490779951
624.749999999980,-0.500020933374
624.799999999979,-0.528159095997
624.849999999979,-0.555883208940
624.899999999979,-0.583171537920
624.949999999979,-0.610002690284
624.999999999979,-0.636355631783
625.049999999979,-0.662209703061
625.099999999979,-0.687544635850
625.149999999979,-0.712340568861
625.199999999979,-0.736578063352
625.249999999979,-0.760238118369
625.299999999979,-0.783302185640
625.349999999979,-0.805752184119
625.399999999979,-0.827570514155
625.449999999979,-0.848740071297
625.499999999979,-0.869244259696
625.549999999979,-0.889067005117
625.599999999979,-0.908192767545
625.649999999979,-0.926606553360
625.699999999979,-0.944293927098
625.749999999979,-0.961241022765
625.799999999979,-0.977434554704
625.849999999979,-0.992861828016
625.899999999978,-1.007510748510
625.949999999978,-1.021369832181
625.999999999978,-1.034428214219
626.049999999978,-1.046675657520
626.099999999978,-1.058102560716
626.149999999978,-1.068699965701
626.199999999978,-1.078459564651
626.249999999978,-1.087373706542
626.299999999978,-1.095435403142
626.349999999978,-1.102638334494
626.399999999978,-1.108976853868
626.449999999978,-1.114445992192
626.499999999978,-1.119041461939
626.549999999978,-1.122759660497
626.599999999978,-1.125597672989
626.649999999978,-1.127553274559
626.699999999978,-1.128624932115
626.749999999978,-1.128811805532
626.799999999978,-1.128113748312
626.849999999978,-1.126531307694
626.899999999978,-1.124065724233
626.949999999978,-1.120718930818
626.999999999977,-1.116493551164
627.049999999977,-1.111392897754
627.099999999977,-1.105420969237
627.149999999977,-1.098582447300
627.199999999977,-1.090882692993
627.249999999977,-1.082327742530
627.299999999977,-1.072924302554
627.349999999977,-1.062679744880
627.399999999977,-1.051602100717
627.449999999977,-1.039700054369
627.499999999977,-1.026982936432
627.549999999977,-1.013460716475
627.599999999977,-0.999143995226
627.649999999977,-0.984043996261
627.699999999977,-0.968172557205
627.749999999977,-0.951542120455
627.799999999977,-0.934165723420
627.849999999977,-0.916056988306
627.899999999977,-0.897230111433
627.949999999977,-0.877699852109
627.999999999977,-0.857481521057
628.049999999977,-0.836590968412
628.099999999976,-0.815044571299
628.149999999976,-0.792859220988
628.199999999976,-0.770052309658
628.249999999976,-0.746641716760
628.299999999976,-0.722645794998
628.349999999976,-0.698083355947
628.399999999976,-0.672973655301
628.449999999976,-0.647336377779
628.499999999976,-0.621191621693
628.549999999976,-0.594559883193
628.599999999976,-0.567462040199
628.649999999976,-0.539919336030
628.699999999976,-0.511953362756
628.749999999976,-0.483586044268
628.799999999976,-0.454839619091
628.849999999976,-0.425736622949
628.899999999976,-0.396299871101
628.949999999976,-0.366552440453
628.999999999976,-0.336517651466
629.049999999976,-0.306219049877
629.099999999976,-0.275680388237
629.149999999976,-0.244925607293
629.199999999975,-0.213978817218
629.249999999975,-0.182864278711
629.299999999975,-0.151606383975
629.349999999975,-0.120229637600
629.399999999975,-0.088758637346
629.449999999975,-0.057218054868
629.499999999975,-0.025632616365
629.549999999975,0.005972916797
629.599999999975,0.037573767497
629.649999999975,0.069145162288
629.699999999975,0.100662350814
629.749999999975,0.132100625213
629.799999999975,0.163435339487
629.849999999975,0.194641928827
629.899999999975,0.225695928864
629.949999999975,0.256572994853
629.999999999975,0.287248920755
630.049999999975,0.317699658217
630.099999999975,0.347901335419
630.149999999975,0.377830275793
630.199999999975,0.407463016584
630.249999999975,0.436776327240
630.299999999974,0.465747227628
630.349999999974,0.494353006044
630.399999999974,0.522571237024
630.449999999974,0.550379798921
630.499999999974,0.577756891246
630.549999999974,0.604681051761
630.599999999974,0.631131173303
630.649999999974,0.657086520331
630.699999999974,0.682526745184
630.749999999974,0.707431904027
630.799999999974,0.731782472492
630.849999999974,0.755559360981
630.899999999974,0.778743929631
630.949999999974,0.801318002927
630.999999999974,0.823263883952
631.049999999974,0.844564368260
631.099999999974,0.865202757361
631.149999999974,0.885162871817
631.199999999974,0.904429063919
631.249999999974,0.922986229959
631.299999999974,0.940819822071
631.349999999974,0.957915859631
631.399999999973,0.974260940222
631.449999999973,0.989842250137
631.499999999973,1.004647574428
631.549999999973,1.018665306478
631.599999999973,1.031884457104
631.649999999973,1.044294663169
631.699999999973,1.055886195707
631.749999999973,1.066649967550
631.799999999973,1.076577540452
631.849999999973,1.085661131704
631.899999999973,1.093893620237
631.949999999973,1.101268552201
631.999999999973,1.107780146027
632.049999999973,1.113423296959
632.099999999973,1.118193581056
632.149999999973,1.122087258659
632.199999999973,1.125101277324
632.249999999973,1.127233274216
632.299999999973,1.128481577958
632.349999999973,1.128845209943
632.399999999973,1.128323885103
632.449999999973,1.126918012130
632.499999999972,1.124628693157
632.549999999972,1.121457722891
632.599999999972,1.117407587212
632.649999999972,1.112481461218
632.699999999972,1.106683206739
632.749999999972,1.100017369311
632.799999999972,1.092489174608
632.849999999972,1.084104524350
632.899999999972,1.074869991672
632.949999999972,1.064792815976
632.999999999972,1.053880897250
633.049999999972,1.042142789881
633.099999999972,1.029587695943
633.149999999972,1.016225457988
633.199999999972,1.002066551324
633.249999999972,0.987122075809
633.299999999972,0.971403747148
633.349999999972,0.954923887704
633.399999999972,0.937695416844
633.449999999972,0.919731840805
633.499999999972,0.901047242112
633.549999999972,0.881656268532
633.599999999971,0.861574121597
633.649999999971,0.840816544680
633.699999999971,0.819399810659
633.749999999971,0.797340709155
633.799999999971,0.774656533376
633.849999999971,0.751365066552
633.899999999971,0.727484568001
633.949999999971,0.703033758811
633.999999999971,0.678031807163
634.049999999971,0.652498313307
634.099999999971,0.626453294194
634.149999999971,0.599917167785
634.199999999971,0.572910737045
634.249999999971,0.545455173632
634.299999999971,0.517572001300
634.349999999971,0.489283079030
634.399999999971,0.460610583886
634.449999999971,0.431576993638
634.499999999971,0.402205069131
634.549999999971,0.372517836452
634.599999999971,0.342538568869
634.649999999971,0.312290768592
634.699999999970,0.281798148349
634.749999999970,0.251084612791
634.799999999970,0.220174239758
634.849999999970,0.189091261397
634.899999999970,0.157860045173
634.949999999970,0.126505074760
634.999999999970,0.095050930847
635.049999999970,0.063522271873
635.099999999970,0.031943814691
635.149999999970,0.000340315195
635.199999999970,-0.031263451091
635.249999999970,-0.062842708433
635.299999999970,-0.094372700310
635.349999999970,-0.125828708823
635.399999999970,-0.157186074074
635.449999999970,-0.188420213494
635.499999999970,-0.219506641118
635.549999999970,-0.250420986778
635.599999999970,-0.281139015210
635.649999999970,-0.311636645055
635.699999999970,-0.341889967732
635.749999999970,-0.371875266187
635.799999999969,-0.401569033479
635.849999999969,-0.430947991218
635.899999999969,-0.459989107805
635.949999999969,-0.488669616492
635.999999999969,-0.516967033230
636.049999999969,-0.544859174292
636.099999999969,-0.572324173670
636.149999999969,-0.599340500209
636.199999999969,-0.625886974495
636.249999999969,-0.651942785451
636.299999999969,-0.677487506655
636.349999999969,-0.702501112355
636.399999999969,-0.726963993166
636.449999999969,-0.750856971440
636.499999999969,-0.774161316308
636.549999999969,-0.796858758357
636.599999999969,-0.818931503953
636.649999999969,-0.840362249197
636.699999999969,-0.861134193481
636.749999999969,-0.881231052664
636.799999999969,-0.900637071838
636.849999999969,-0.919337037679
636.899999999968,-0.937316290371
636.949999999968,-0.954560735100
636.999999999968,-0.971056853106
637.049999999968,-0.986791712276
637.099999999968,-1.001752977288
637.149999999968,-1.015928919274
637.199999999968,-1.029308425025
637.249999999968,-1.041881005691
637.299999999968,-1.053636805014
637.349999999968,-1.064566607048
637.399999999968,-1.074661843391
637.449999999968,-1.083914599892
637.499999999968,-1.092317622864
637.549999999968,-1.099864324770
637.599999999968,-1.106548789379
637.649999999968,-1.112365776415
637.699999999968,-1.117310725658
637.749999999968,-1.121379760520
637.799999999968,-1.124569691087
637.849999999968,-1.126878016617
637.899999999968,-1.128302927501
637.949999999968,-1.128843306681
637.999999999967,-1.128498730528
638.049999999967,-1.127269469172
638.099999999967,-1.125156486290
638.149999999967,-1.122161438354
638.199999999967,-1.118286673328
638.249999999967,-1.113535228828
638.299999999967,-1.107910829744
638.349999999967,-1.101417885317
638.399999999967,-1.094061485682
638.449999999967,-1.085847397881
638.499999999967,-1.076782061336
638.549999999967,-1.066872582809
638.599999999967,-1.056126730821
638.649999999967,-1.044552929572
638.699999999967,-1.032160252327
638.749999999967,-1.018958414312
638.799999999967,-1.004957765091
638.849999999967,-0.990169280457
638.899999999967,-0.974604553823
638.949999999967,-0.958275787138
638.999999999967,-0.941195781318
639.049999999967,-0.923377926214
639.099999999966,-0.904836190112
639.149999999966,-0.885585108782
639.199999999966,-0.865639774087
639.249999999966,-0.845015822146
639.299999999966,-0.823729421083
639.349999999966,-0.801797258345
639.399999999966,-0.779236527625
639.449999999966,-0.756064915379
639.499999999966,-0.732300586966
639.549999999966,-0.707962172400
639.599999999966,-0.683068751754
639.649999999966,-0.657639840193
639.699999999966,-0.631695372681
639.749999999966,-0.605255688353
639.799999999966,-0.578341514566
639.849999999966,-0.550973950654
639.899999999966,-0.523174451386
639.949999999966,-0.494964810145
639.999999999966,-0.466367141845
640.049999999966,-0.437403865593
640.099999999966,-0.408097687115
640.149999999966,-0.378471580952
640.199999999965,-0.348548772455
640.249999999965,-0.318352719573
640.299999999965,-0.287907094466
640.349999999965,-0.257235764942
640.399999999965,-0.226362775755
640.449999999965,-0.195312329746
640.499999999965,-0.164108768874
640.549999999965,-0.132776555133
640.599999999965,-0.101340251373
640.649999999965,-0.069824502047
640.699999999965,-0.038254013888
640.749999999965,-0.006653536542
640.799999999965,0.024952156837
640.849999999965,0.056538289002
640.899999999965,0.088080098045
640.949999999965,0.119552856803
640.999999999965,0.150931892244
641.049999999965,0.182192604812
641.099999999965,0.213310487711
641.149999999965,0.244261146112
641.199999999965,0.275020316286
641.249999999965,0.305563884619
641.299999999964,0.335867906517
641.349999999964,0.365908625179
641.399999999964,0.395662490222
641.449999999964,0.425106176137
641.499999999964,0.454216600585
641.549999999964,0.482970942483
641.599999999964,0.511346659899
641.649999999964,0.539321507725
641.699999999964,0.566873555114
641.749999999964,0.593981202670
641.799999999964,0.620623199387
641.849999999964,0.646778659305
641.899999999964,0.672427077881
641.949999999964,0.697548348070
641.999999999964,0.722122776082
642.049999999964,0.746131096826
642.099999999964,0.769554489006
642.149999999964,0.792374589883
642.199999999964,0.814573509667
642.249999999964,0.836133845542
642.299999999964,0.857038695309
642.349999999964,0.877271670637
642.399999999963,0.896816909908
642.449999999963,0.915659090657
642.499999999963,0.933783441579
642.549999999963,0.951175754112
642.599999999963,0.967822393572
642.649999999963,0.983710309847
642.699999999963,0.998827047626
642.749999999963,1.013160756158
642.799999999963,1.026700198552
642.849999999963,1.039434760578
642.899999999963,1.051354458992
642.949999999963,1.062449949360
642.999999999963,1.072712533387
643.049999999963,1.082134165731
643.099999999963,1.090707460317
643.149999999963,1.098425696119
643.199999999963,1.105282822438
643.249999999963,1.111273463636
643.299999999963,1.116392923358
643.349999999963,1.120637188210
643.399999999963,1.124002930905
643.449999999963,1.126487512874
643.499999999962,1.128088986331
643.549999999962,1.128806095804
643.599999999962,1.128638279115
643.649999999962,1.127585667825
643.699999999962,1.125649087125
643.749999999962,1.122830055197
643.799999999962,1.119130782017
643.849999999962,1.114554167626
643.899999999962,1.109103799855
643.949999999962,1.102783951513
643.999999999962,1.095599577038
644.049999999962,1.087556308611
644.099999999962,1.078660451742
644.149999999962,1.068918980329
644.199999999962,1.058339531185
644.249999999962,1.046930398056
644.299999999962,1.034700525120
644.349999999962,1.021659499969
644.399999999962,1.007817546099
644.449999999962,0.993185514894
644.499999999962,0.977774877115
644.549999999962,0.961597713915
644.599999999961,0.944666707361
644.649999999961,0.926995130493
644.699999999961,0.908596836924
644.749999999961,0.889486249973
644.799999999961,0.869678351361
644.849999999961,0.849188669467
644.899999999961,0.828033267152
644.949999999961,0.806228729167
644.999999999961,0.783792149153
645.049999999961,0.760741116240
645.099999999961,0.737093701258
645.149999999961,0.712868442567
645.199999999961,0.688084331530
645.249999999961,0.662760797622
645.299999999961,0.636917693194
645.349999999961,0.610575277918
645.399999999961,0.583754202898
645.449999999961,0.556475494483
645.499999999961,0.528760537782
645.549999999961,0.500631059904
645.599999999961,0.472109112916
645.649999999961,0.443217056565
645.699999999960,0.413977540744
645.749999999960,0.384413487735
645.799999999960,0.354548074240
645.849999999960,0.324404713216
645.899999999960,0.294007035512
645.949999999960,0.263378871352
645.999999999960,0.232544231647
646.049999999960,0.201527289175
646.099999999960,0.170352359630
646.149999999960,0.139043882562
646.199999999960,0.107626402211
646.249999999960,0.076124548273
646.299999999960,0.044563016588
646.349999999960,0.012966549781
646.399999999960,-0.018640082137
646.449999999960,-0.050232101185
646.499999999960,-0.081784740838
646.549999999960,-0.113273265444
646.599999999960,-0.144672989612
646.649999999960,-0.175959297566
646.699999999960,-0.207107662443
646.749999999960,-0.238093665521
646.799999999959,-0.268893015361
646.849999999959,-0.299481566849
646.899999999959,-0.329835340128
646.949999999959,-0.359930539395
646.999999999959,-0.389743571554
647.049999999959,-0.419251064716
647.099999999959,-0.448429886517
647.149999999959,-0.477257162256
647.199999999959,-0.505710292825
647.249999999959,-0.533766972426
647.299999999959,-0.561405206061
647.349999999959,-0.588603326769
647.399999999959,-0.615340012618
647.449999999959,-0.641594303414
647.499999999959,-0.667345617139
647.549999999959,-0.692573766081
647.599999999959,-0.717258972665
647.649999999959,-0.741381884952
647.699999999959,-0.764923591815
647.749999999959,-0.787865637761
647.799999999959,-0.810190037401
647.849999999959,-0.831879289550
647.899999999958,-0.852916390945
647.949999999958,-0.873284849576
647.999999999958,-0.892968697615
648.049999999958,-0.911952503932
648.099999999958,-0.930221386197
648.149999999958,-0.947761022540
648.199999999958,-0.964557662786
648.249999999958,-0.980598139230
648.299999999958,-0.995869876958
648.349999999958,-1.010360903712
648.399999999958,-1.024059859267
648.449999999958,-1.036956004345
648.499999999958,-1.049039229029
648.549999999958,-1.060300060689
648.599999999958,-1.070729671410
648.649999999958,-1.080319884911
648.699999999958,-1.089063182956
648.749999999958,-1.096952711248
648.799999999958,-1.103982284800
648.849999999958,-1.110146392787
648.899999999958,-1.115440202863
648.949999999958,-1.119859564954
648.999999999957,-1.123401014504
649.049999999957,-1.126061775200
649.099999999957,-1.127839761141
649.149999999957,-1.128733578477
649.199999999957,-1.128742526502
649.249999999957,-1.127866598200
649.299999999957,-1.126106480254
649.349999999957,-1.123463552507
649.399999999957,-1.119939886878
649.449999999957,-1.115538245741
649.499999999957,-1.110262079758
649.549999999957,-1.104115525172
649.599999999957,-1.097103400566
649.649999999957,-1.089231203089
649.699999999957,-1.080505104138
649.749999999957,-1.070931944530
649.799999999957,-1.060519229130
649.849999999957,-1.049275120974
649.899999999957,-1.037208434867
649.949999999957,-1.024328630473
649.999999999957,-1.010645804899
650.049999999957,-0.996170684779
650.099999999956,-0.980914617866
650.149999999956,-0.964889564135
650.199999999956,-0.948108086408
650.249999999956,-0.930583340503
650.299999999956,-0.912329064923
650.349999999956,-0.893359570086
650.399999999956,-0.873689727104
650.449999999956,-0.853334956126
650.499999999956,-0.832311214250
650.549999999956,-0.810634983014
650.599999999956,-0.788323255471
650.649999999956,-0.765393522874
650.699999999956,-0.741863760959
650.749999999956,-0.717752415853
650.799999999956,-0.693078389617
650.849999999956,-0.667861025422
650.899999999956,-0.642120092392
650.949999999956,-0.615875770098
650.999999999956,-0.589148632746
651.049999999956,-0.561959633042
651.099999999956,-0.534330085769
651.149999999956,-0.506281651077
651.199999999955,-0.477836317503
651.249999999955,-0.449016384731
651.299999999955,-0.419844446111
651.349999999955,-0.390343370950
651.399999999955,-0.360536286580
651.449999999955,-0.330446560228
651.499999999955,-0.300097780697
651.549999999955,-0.269513739878
651.599999999955,-0.238718414092
651.649999999955,-0.207735945295
651.699999999955,-0.176590622158
651.749999999955,-0.145306861019
651.799999999955,-0.113909186742
651.849999999955,-0.082422213498
651.899999999955,-0.050870625460
651.949999999955,-0.019279157457
651.999999999955,0.012327424417
652.049999999955,0.043924342223
652.099999999955,0.075486825594
652.149999999955,0.106990131160
652.199999999955,0.138409561943
652.249999999955,0.169720486719
652.299999999954,0.200898359327
652.349999999954,0.231918737910
652.399999999954,0.262757304083
652.449999999954,0.293389881987
652.499999999954,0.323792457251
652.549999999954,0.353941195813
652.599999999954,0.383812462607
652.649999999954,0.413382840089
652.699999999954,0.442629146597
652.749999999954,0.471528454527
652.799999999954,0.500058108299
652.849999999954,0.528195742128
652.899999999954,0.555919297549
652.949999999954,0.583207040715
652.999999999954,0.610037579433
653.049999999954,0.636389879934
653.099999999954,0.662243283366
653.149999999954,0.687577521984
653.199999999954,0.712372735042
653.249999999954,0.736609484363
653.299999999954,0.760268769578
653.349999999954,0.783332043019
653.399999999953,0.805781224260
653.449999999953,0.827598714293
653.499999999953,0.848767409324
653.549999999953,0.869270714180
653.599999999953,0.889092555321
653.649999999953,0.908217393437
653.699999999953,0.926630235635
653.749999999953,0.944316647191
653.799999999953,0.961262762863
653.849999999953,0.977455297765
653.899999999953,0.992881557779
653.949999999953,1.007529449507
653.999999999953,1.021387489752
654.049999999953,1.034444814521
654.099999999953,1.046691187539
654.149999999953,1.058117008278
654.199999999953,1.068713319479
654.249999999953,1.078471814177
654.299999999953,1.087384842212
654.349999999953,1.095445416227
654.399999999953,1.102647217144
654.449999999953,1.108984599120
654.499999999952,1.114452593973
654.549999999952,1.119046915075
654.599999999952,1.122763960712
654.649999999952,1.125600816913
654.699999999952,1.127555259726
654.749999999952,1.128625756969
654.799999999952,1.128811469426
654.849999999952,1.128112251510
654.899999999952,1.126528651370
654.949999999952,1.124061910468
654.999999999952,1.120713962603
655.049999999952,1.116487432394
655.099999999952,1.111385633225
655.149999999952,1.105412564644
655.199999999952,1.098572909232
655.249999999952,1.090872028928
655.299999999952,1.082315960828
655.349999999952,1.072911412450
655.399999999952,1.062665756480
655.449999999952,1.051587024987
655.499999999952,1.039683903128
655.549999999952,1.026965722342
655.599999999951,1.013442453030
655.649999999951,0.999124696744
655.699999999951,0.984023677871
655.749999999951,0.968151234836
655.799999999951,0.951519810822
655.849999999951,0.934142444013
655.899999999951,0.916032757374
655.949999999951,0.897204947973
655.999999999951,0.877673775848
656.049999999951,0.857454552436
656.099999999951,0.836563128575
656.149999999951,0.815015882069
656.199999999951,0.792829704857
656.249999999951,0.770021989765
656.299999999951,0.746610616874
656.349999999951,0.722613939500
656.399999999951,0.698050769810
656.449999999951,0.672940364071
656.499999999951,0.647302407554
656.549999999951,0.621156999105
656.599999999951,0.594524635384
656.649999999951,0.567426194800
656.699999999950,0.539882921144
656.749999999950,0.511916406929
656.799999999950,0.483548576473
656.849999999950,0.454801668699
656.899999999950,0.425698219712
656.949999999950,0.396261045126
656.999999999950,0.366513222176
657.049999999950,0.336478071633
657.099999999950,0.306179139516
657.149999999950,0.275640178637
657.199999999950,0.244885129975
657.249999999950,0.213938103915
657.299999999950,0.182823361339
657.349999999950,0.151565294612
657.399999999950,0.120188408458
657.449999999950,0.088717300747
657.499999999950,0.057176643216
657.549999999950,0.025591162126
657.599999999950,-0.006014381125
657.649999999950,-0.037615209409
657.699999999950,-0.069186549295
657.749999999950,-0.100703650471
657.799999999949,-0.132141805142
657.849999999949,-0.163476367407
657.899999999949,-0.194682772572
657.949999999949,-0.225736556416
657.999999999949,-0.256613374362
658.049999999949,-0.287289020566
658.099999999949,-0.317739446893
658.149999999949,-0.347940781768
658.199999999949,-0.377869348891
658.249999999949,-0.407501685800
658.299999999949,-0.436814562259
658.349999999949,-0.465784998475
658.399999999949,-0.494390283110
658.449999999949,-0.522607991085
658.499999999949,-0.550416001164
658.549999999949,-0.577792513289
658.599999999949,-0.604716065679
658.649999999949,-0.631165551647
658.699999999949,-0.657120236151
658.749999999949,-0.682559772047
658.799999999949,-0.707464216043
658.849999999949,-0.731814044330
658.899999999948,-0.755590167889
658.949999999948,-0.778773947458
658.999999999948,-0.801347208141
659.049999999948,-0.823292253658
659.099999999948,-0.844591880217
659.149999999948,-0.865229390002
659.199999999948,-0.885188604263
659.249999999948,-0.904453875997
659.299999999948,-0.923010102218
659.349999999948,-0.940842735795
659.399999999948,-0.957937796858
659.449999999948,-0.974281883754
659.499999999948,-0.989862183555
659.549999999948,-1.004666482106
659.599999999948,-1.018683173593
659.649999999948,-1.031901269649
659.699999999948,-1.044310407964
659.749999999948,-1.055900860408
659.799999999948,-1.066663540661
659.849999999948,-1.076590011333
659.899999999948,-1.085672490579
659.949999999948,-1.093903858200
659.999999999947,-1.101277661227
660.049999999947,-1.107788118974
660.099999999947,-1.113430127577
660.149999999947,-1.118199263990
660.199999999947,-1.122091789454
660.249999999947,-1.125104652428
660.299999999947,-1.127235490983
660.349999999947,-1.128482634650
660.399999999947,-1.128845105733
660.449999999947,-1.128322620072
660.499999999947,-1.126915587269
660.549999999947,-1.124625110367
660.599999999947,-1.121452984981
660.649999999947,-1.117401697896
660.699999999947,-1.112474425113
660.749999999947,-1.106675029362
660.799999999947,-1.100008057072
660.849999999947,-1.092478734807
660.899999999947,-1.084092965171
660.949999999947,-1.074857322178
660.999999999947,-1.064779046098
661.049999999947,-1.053866037784
661.099999999946,-1.042126852475
661.149999999946,-1.029570693092
661.199999999946,-1.016207403020
661.249999999946,-1.002047458394
661.299999999946,-0.987101959886
661.349999999946,-0.971382624000
661.399999999946,-0.954901773892
661.449999999946,-0.937672329702
661.499999999946,-0.919707798434
661.549999999946,-0.901022263360
661.599999999946,-0.881630372981
661.649999999946,-0.861547329547
661.699999999946,-0.840788877135
661.749999999946,-0.819371289308
661.799999999946,-0.797311356359
661.849999999946,-0.774626372145
661.899999999946,-0.751334120531
661.949999999946,-0.727452861450
661.999999999946,-0.703001316586
662.049999999946,-0.677998654698
662.099999999946,-0.652464476591
662.149999999946,-0.626418799754
662.199999999945,-0.599882042663
662.249999999945,-0.572875008777
662.299999999945,-0.545418870226
662.349999999945,-0.517535151217
662.399999999945,-0.489245711158
662.449999999945,-0.460572727521
662.499999999945,-0.431538678456
662.549999999945,-0.402166325170
662.599999999945,-0.372478694085
662.649999999945,-0.342499058781
662.699999999945,-0.312250921758
662.749999999945,-0.281757996006
662.799999999945,-0.251044186417
662.849999999945,-0.220133571044
662.899999999945,-0.189050382227
662.949999999945,-0.157818987593
662.999999999945,-0.126463870957
663.049999999945,-0.095009613123
663.099999999945,-0.063480872618
663.149999999945,-0.031902366362
663.199999999945,-0.000298850284
663.249999999945,0.031304900078
663.299999999944,0.062884109001
663.349999999944,0.094414020004
663.399999999944,0.125869915250
663.449999999944,0.157227134931
663.499999999944,0.188461096590
663.549999999944,0.219547314403
663.599999999944,0.250461418367
663.649999999944,0.281179173407
663.699999999944,0.311676498378
663.749999999944,0.341929484937
663.799999999944,0.371914416295
663.849999999944,0.401607785799
663.899999999944,0.430986315369
663.949999999944,0.460026973744
663.999999999944,0.488706994533
664.049999999944,0.517003894071
664.099999999944,0.544895489036
664.149999999944,0.572359913848
664.199999999944,0.599375637803
664.249999999944,0.625921481958
664.299999999944,0.651976635731
664.349999999944,0.677520673216
664.399999999943,0.702533569196
664.449999999943,0.726995714841
664.499999999943,0.750887933083
664.549999999943,0.774191493645
664.599999999943,0.796888127731
664.649999999943,0.818960042341
664.699999999943,0.840389934225
664.749999999943,0.861161003445
664.799999999943,0.881256966548
664.849999999943,0.900662069326
664.899999999943,0.919361099174
664.949999999943,0.937339397010
664.999999999943,0.954582868769
665.049999999943,0.971077996453
665.099999999943,0.986811848727
665.149999999943,1.001772091055
665.199999999943,1.015946995375
665.249999999943,1.029325449287
665.299999999943,1.041896964769
665.349999999943,1.053651686396
665.399999999943,1.064580399070
665.449999999943,1.074674535238
665.499999999942,1.083926181616
665.549999999942,1.092328085385
665.599999999942,1.099873659885
665.649999999942,1.106556989772
665.699999999942,1.112372835656
665.749999999942,1.117316638212
665.799999999942,1.121384521753
665.849999999942,1.124573297267
665.899999999942,1.126880464916
665.949999999942,1.128304215999
665.999999999942,1.128843434369
666.049999999942,1.128497697305
666.099999999942,1.127267275849
666.149999999942,1.125153134587
666.199999999942,1.122156930897
666.249999999942,1.118281013651
666.299999999942,1.113528421369
666.349999999942,1.107902879839
666.399999999942,1.101408799197
666.449999999942,1.094051270472
666.499999999942,1.085836061588
666.549999999942,1.076769612848
666.599999999941,1.066859031883
666.649999999941,1.056112088083
666.699999999941,1.044537206499
666.749999999941,1.032143461246
666.799999999941,1.018940568387
666.849999999941,1.004938878311
666.899999999941,0.990149367628
666.949999999941,0.974583630557
666.999999999941,0.958253869837
667.049999999941,0.941172887165
667.099999999941,0.923354073156
667.149999999941,0.904811396849
667.199999999941,0.885559394750
667.249999999941,0.865613159444
667.299999999941,0.844988327758
667.349999999941,0.823701068504
667.399999999941,0.801768069801
667.449999999941,0.779206525999
667.499999999941,0.756034124191
667.549999999941,0.732269030354
667.599999999941,0.707929875103
667.649999999941,0.683035739091
667.699999999940,0.657606138045
667.749999999940,0.631661007468
667.799999999940,0.605220687016
667.849999999940,0.578305904545
667.899999999940,0.550937759865
667.949999999940,0.523137708200
667.999999999940,0.494927543367
668.049999999940,0.466329380691
668.099999999940,0.437365639665
668.149999999940,0.408059026380
668.199999999940,0.378432515719
668.249999999940,0.348509333349
668.299999999940,0.318312937512
668.349999999940,0.287867000636
668.399999999940,0.257195390776
668.449999999940,0.226322152903
668.499999999940,0.195271490055
668.549999999940,0.164067744360
668.599999999940,0.132735377958
668.649999999940,0.101298953817
668.699999999940,0.069783116486
668.749999999940,0.038212572765
668.799999999939,0.006612072345
668.849999999939,-0.024993611602
668.899999999939,-0.056579701837
668.949999999939,-0.088121436484
668.999999999939,-0.119594088438
669.049999999939,-0.150972984753
669.099999999939,-0.182233525980
669.149999999939,-0.213351205457
669.199999999939,-0.244301628517
669.249999999939,-0.275060531613
669.299999999939,-0.305603801341
669.349999999939,-0.335907493342
669.399999999939,-0.365947851073
669.449999999939,-0.395701324433
669.499999999939,-0.425144588222
669.549999999939,-0.454254560430
669.599999999939,-0.483008420329
669.649999999939,-0.511383626367
669.699999999939,-0.539357933835
669.749999999939,-0.566909412308
669.799999999939,-0.594016462839
669.849999999939,-0.620657834889
669.899999999938,-0.646812642987
669.949999999938,-0.672460383102
669.999999999938,-0.697580948720
670.049999999938,-0.722154646604
670.099999999938,-0.746162212235
670.149999999938,-0.769584824909
670.199999999938,-0.792404122499
670.249999999938,-0.814602215843
670.299999999938,-0.836161702775
670.349999999938,-0.857065681759
670.399999999938,-0.877297765148
670.449999999938,-0.896842092024
670.499999999938,-0.915683340637
670.549999999938,-0.933806740411
670.599999999938,-0.951198083531
670.649999999938,-0.967843736074
670.699999999938,-0.983730648700
670.749999999938,-0.998846366885
670.799999999938,-1.013179040678
670.849999999938,-1.026717433999
670.899999999938,-1.039450933441
670.949999999938,-1.051369556591
670.999999999937,-1.062463959859
671.049999999937,-1.072725445803
671.099999999937,-1.082145969942
671.149999999937,-1.090718147068
671.199999999937,-1.098435257034
671.249999999937,-1.105291250020
671.299999999937,-1.111280751278
671.349999999937,-1.116399065348
671.399999999937,-1.120642179732
671.449999999937,-1.124006768047
671.499999999937,-1.126490192627
671.549999999937,-1.128090506595
671.599999999937,-1.128806455387
671.649999999937,-1.128637477735
671.699999999937,-1.127583706109
671.749999999937,-1.125645966613
671.799999999937,-1.122825778334
671.849999999937,-1.119125352156
671.899999999937,-1.114547589024
671.949999999937,-1.109096077669
671.999999999937,-1.102775091797
672.049999999937,-1.095589586738
672.099999999936,-1.087545195558
672.149999999936,-1.078648224649
672.199999999936,-1.068905648780
672.249999999936,-1.058325105632
672.299999999936,-1.046914889809
672.349999999936,-1.034683946335
672.399999999936,-1.021641863643
672.449999999936,-1.007798866059
672.499999999936,-0.993165805784
672.549999999936,-0.977754154386
672.599999999936,-0.961575993812
672.649999999936,-0.944644006911
672.699999999936,-0.926971467494
672.749999999936,-0.908572229925
672.799999999936,-0.889460718265
672.849999999936,-0.869651914960
672.899999999936,-0.849161349097
672.949999999936,-0.828005084230
672.999999999936,-0.806199705788
673.049999999936,-0.783762308071
673.099999999936,-0.760710480847
673.149999999936,-0.737062295571
673.199999999935,-0.712836291207
673.249999999935,-0.688051459702
673.299999999935,-0.662727231095
673.349999999935,-0.636883458284
673.399999999935,-0.610540401462
673.449999999935,-0.583718712238
673.499999999935,-0.556439417441
673.549999999935,-0.528723902642
673.599999999935,-0.500593895384
673.649999999935,-0.472071448153
673.699999999935,-0.443178921086
673.749999999935,-0.413938964445
673.799999999935,-0.384374500857
673.849999999935,-0.354508707348
673.899999999935,-0.324364997171
673.949999999935,-0.293967001450
673.999999999935,-0.263338550657
674.049999999935,-0.232503655928
674.099999999935,-0.201486490242
674.149999999935,-0.170311369467
674.199999999935,-0.139002733302
674.249999999935,-0.107585126114
674.299999999934,-0.076083177698
674.349999999934,-0.044521583967
674.399999999934,-0.012925087595
674.449999999934,0.018681541383
674.499999999934,0.050273524991
674.549999999934,0.081826096729
674.599999999934,0.113314520999
674.649999999934,0.144714112488
674.699999999934,0.176000255526
674.749999999934,0.207148423378
674.799999999934,0.238134197476
674.849999999934,0.268933286560
674.899999999934,0.299521545723
674.949999999934,0.329874995335
674.999999999934,0.359969839847
675.049999999934,0.389782486442
675.099999999934,0.419289563533
675.149999999934,0.448467939082
675.199999999934,0.477294738737
675.249999999934,0.505747363764
675.299999999934,0.533803508762
675.349999999934,0.561441179150
675.399999999933,0.588638708411
675.449999999933,0.615374775075
675.499999999933,0.641628419435
675.549999999933,0.667379059978
675.599999999933,0.692606509521
675.649999999933,0.717290991036
675.699999999933,0.741413153154
675.749999999933,0.764954085335
675.799999999933,0.787895332694
675.849999999933,0.810218910468
675.899999999933,0.831907318116
675.949999999933,0.852943553036
675.999999999933,0.873311123899
676.049999999933,0.892994063571
676.099999999933,0.911976941637
676.149999999933,0.930244876492
676.199999999933,0.947783547011
676.249999999933,0.964579203775
676.299999999933,0.980618679849
676.349999999933,0.995889401105
676.399999999933,1.010379396080
676.449999999933,1.024077305360
676.499999999932,1.036972390485
676.549999999932,1.049054542371
676.599999999932,1.060314289228
676.649999999932,1.070742803991
676.699999999932,1.080331911239
676.749999999932,1.089074093604
676.799999999932,1.096962497662
676.849999999932,1.103990939308
676.899999999932,1.110153908603
676.949999999932,1.115446574097
676.999999999932,1.119864786610
677.049999999932,1.123405082489
677.099999999932,1.126064686325
677.149999999932,1.127841513123
677.199999999932,1.128734169944
677.249999999932,1.128741956988
677.299999999932,1.127864868153
677.349999999932,1.126103591030
677.399999999932,1.123459506371
677.449999999932,1.119934687003
677.499999999932,1.115531896203
677.549999999932,1.110254585534
677.599999999931,1.104106892137
677.649999999931,1.097093635489
677.699999999931,1.089220313624
677.749999999931,1.080493098822
677.799999999931,1.070918832775
677.849999999931,1.060505021214
677.899999999931,1.049259828037
677.949999999931,1.037192068897
677.999999999931,1.024311204300
678.049999999931,1.010627332184
678.099999999931,0.996151180004
678.149999999931,0.980894096322
678.199999999931,0.964868041910
678.249999999931,0.948085580373
678.299999999931,0.930559868302
678.349999999931,0.912304644958
678.399999999931,0.893334221500
678.449999999931,0.873663469770
678.499999999931,0.853307810628
678.549999999931,0.832283201869
678.599999999931,0.810606125709
678.649999999931,0.788293575866
678.699999999930,0.765363044235
678.749999999930,0.741832507180
678.799999999930,0.717720411436
678.849999999930,0.693045659652
678.899999999930,0.667827595567
678.949999999930,0.642085988854
678.999999999930,0.615841019614
679.049999999930,0.589113262557
679.099999999930,0.561923670877
679.149999999930,0.534293559820
679.199999999930,0.506244589980
679.249999999930,0.477798750310
679.299999999930,0.448978340893
679.349999999930,0.419805955454
679.399999999930,0.390304463648
679.449999999930,0.360496993134
679.499999999930,0.330406911442
679.549999999930,0.300057807654
679.599999999930,0.269473473915
679.649999999930,0.238677886774
679.699999999930,0.207695188395
679.749999999930,0.176549667627
679.799999999929,0.145265740962
679.849999999929,0.113867933397
679.899999999929,0.082380859204
679.949999999929,0.050829202637
679.999999999929,0.019237698579
680.049999999929,-0.012368886849
680.099999999929,-0.043965775704
680.149999999929,-0.075528197643
680.199999999929,-0.107031409343
680.249999999929,-0.138450713900
680.299999999929,-0.169761480189
680.349999999929,-0.200939162173
680.399999999929,-0.231959318146
680.449999999929,-0.262797629894
680.499999999929,-0.293429921761
680.549999999929,-0.323832179599
680.599999999929,-0.353980569595
680.649999999929,-0.383851456955
680.699999999929,-0.413421424434
680.749999999929,-0.442667290691
680.799999999929,-0.471566128466
680.849999999929,-0.500095282549
680.899999999928,-0.528232387546
680.949999999928,-0.555955385408
680.999999999928,-0.583242542723
681.049999999928,-0.610072467758
681.099999999928,-0.636424127227
681.149999999928,-0.662276862777
681.199999999928,-0.687610407189
681.249999999928,-0.712404900261
681.299999999928,-0.736640904381
681.349999999928,-0.760299419762
681.399999999928,-0.783361899341
681.449999999928,-0.805810263314
681.499999999928,-0.827626913315
681.549999999928,-0.848794746207
681.599999999928,-0.869297167492
681.649999999928,-0.889118104324
681.699999999928,-0.908242018103
681.749999999928,-0.926653916660
681.799999999928,-0.944339366009
681.849999999928,-0.961284501665
681.899999999928,-0.977476039508
681.949999999928,-0.992901286202
681.999999999927,-1.007548149144
682.049999999927,-1.021405145945
682.099999999927,-1.034461413427
682.149999999927,-1.046706716146
682.199999999927,-1.058131454412
682.249999999927,-1.068726671815
682.299999999927,-1.078484062247
682.349999999927,-1.087395976415
682.399999999927,-1.095455427834
682.449999999927,-1.102656098306
682.499999999927,-1.108992342876
682.549999999927,-1.114459194251
682.599999999927,-1.119052366700
682.649999999927,-1.122768259412
682.699999999927,-1.125603959317
682.749999999927,-1.127557243371
682.799999999927,-1.128626580300
682.849999999927,-1.128811131798
682.899999999927,-1.128110753186
682.949999999927,-1.126525993526
682.999999999927,-1.124058095187
683.049999999927,-1.120708992876
683.099999999926,-1.116481312117
683.149999999926,-1.111378367196
683.199999999926,-1.105404158560
683.249999999926,-1.098563369682
683.299999999926,-1.090861363391
683.349999999926,-1.082304177665
683.399999999926,-1.072898520899
683.449999999926,-1.062651766646
683.499999999926,-1.051571947838
683.549999999926,-1.039667750484
683.599999999926,-1.026948506865
683.649999999926,-1.013424188218
683.699999999926,-0.999105396914
683.749999999926,-0.984003358153
683.799999999926,-0.968129911160
683.849999999926,-0.951497499905
683.899999999926,-0.934119163345
683.949999999926,-0.916008525207
683.999999999926,-0.897179783303
684.049999999926,-0.877647698402
684.099999999926,-0.857427582659
684.149999999926,-0.836535287608
684.199999999925,-0.814987191740
684.249999999925,-0.792800187657
684.299999999925,-0.769991668833
684.349999999925,-0.746579515981
684.399999999925,-0.722582083027
684.449999999925,-0.698018182732
684.499999999925,-0.672907071933
684.549999999925,-0.647268436456
684.599999999925,-0.621122375679
684.649999999925,-0.594489386772
684.699999999925,-0.567390348637
684.749999999925,-0.539846505529
684.799999999925,-0.511879450412
684.849999999925,-0.483511108025
684.899999999925,-0.454763717694
684.949999999925,-0.425659815901
684.999999999925,-0.396222218616
685.049999999925,-0.366474003405
685.099999999925,-0.336438491346
685.149999999925,-0.306139228743
685.199999999925,-0.275599968665
685.249999999925,-0.244844652327
685.299999999924,-0.213897390323
685.349999999924,-0.182782443721
685.399999999924,-0.151524205045
685.449999999924,-0.120147179153
685.499999999924,-0.088675964027
685.549999999924,-0.057135231487
685.599999999924,-0.025549707852
685.649999999924,0.006055845445
685.699999999924,0.037656651270
685.749999999924,0.069227936209
685.799999999924,0.100744949991
685.849999999924,0.132182984893
685.899999999924,0.163517395106
685.949999999924,0.194723616056
685.999999999924,0.225777183664
686.049999999924,0.256653753525
686.099999999924,0.287329119989
686.149999999924,0.317779235140
686.199999999924,0.347980227647
686.249999999924,0.377908421480
686.299999999924,0.407540354466
686.349999999924,0.436852796689
686.399999999923,0.465822768694
686.449999999923,0.494427559509
686.499999999923,0.522644744441
686.549999999923,0.550452202664
686.599999999923,0.577828134553
686.649999999923,0.604751078782
686.699999999923,0.631199929140
686.749999999923,0.657153951084
686.799999999923,0.682592797990
686.849999999923,0.707496527104
686.899999999923,0.731845615180
686.949999999923,0.755620973778
686.999999999923,0.778803964235
687.049999999923,0.801376412275
687.099999999923,0.823320622254
687.149999999923,0.844619391036
687.199999999923,0.865256021476
687.249999999923,0.885214335514
687.299999999923,0.904478686854
687.349999999923,0.923033973231
687.399999999923,0.940865648250
687.449999999923,0.957959732793
687.499999999922,0.974302825971
687.549999999922,0.989882115638
687.599999999922,1.004685388428
687.649999999922,1.018701039333
687.699999999922,1.031918080802
687.749999999922,1.044326151350
687.799999999922,1.055915523685
687.849999999922,1.066677112334
687.899999999922,1.076602480762
687.949999999922,1.085683847989
687.999999999922,1.093914094688
688.049999999922,1.101286768766
688.099999999922,1.107796090426
688.149999999922,1.113436956693
688.199999999922,1.118204945415
688.249999999922,1.122096318735
688.299999999922,1.125108026014
688.349999999922,1.127237706230
688.399999999922,1.128483689820
688.449999999922,1.128844999999
688.499999999922,1.128321353518
688.549999999922,1.126913160887
688.599999999921,1.124621526059
688.649999999921,1.121448245558
688.699999999921,1.117395807073
688.749999999921,1.112467387508
688.799999999921,1.106666850492
688.849999999921,1.099998743348
688.899999999921,1.092468293532
688.949999999921,1.084081404530
688.999999999921,1.074844651233
689.049999999921,1.064765274783
689.099999999921,1.053851176895
689.149999999921,1.042110913663
689.199999999921,1.029553688851
689.249999999921,1.016189346681
689.299999999921,1.002028364112
689.349999999921,0.987081842630
689.399999999921,0.971361499542
689.449999999921,0.954879658791
689.499999999921,0.937649241296
689.549999999921,0.919683754823
689.599999999921,0.900997283392
689.649999999921,0.881604476239
689.699999999920,0.861520536334
689.749999999920,0.840761208455
689.799999999920,0.819342766852
689.849999999920,0.797282002487
689.899999999920,0.774596209868
689.949999999920,0.751303173496
689.999999999920,0.727421153918
690.049999999920,0.702968873413
690.099999999920,0.677965501318
690.149999999920,0.652430638995
690.199999999920,0.626384304469
690.249999999920,0.599846916731
690.299999999920,0.572839279735
690.349999999920,0.545382566085
690.399999999920,0.517498300437
690.449999999920,0.489208342627
690.499999999920,0.460534870535
690.549999999920,0.431500362692
690.599999999920,0.402127580667
690.649999999920,0.372439551215
690.699999999920,0.342459548231
690.749999999920,0.312211074503
690.799999999919,0.281717843283
690.849999999919,0.251003759704
690.899999999919,0.220092902034
690.949999999919,0.189009502802
690.999999999919,0.157777929800
691.049999999919,0.126422666983
691.099999999919,0.094968295270
691.149999999919,0.063439473279
691.199999999919,0.031860917989
691.249999999919,0.000257385372
691.299999999919,-0.031346349022
691.349999999919,-0.062925509484
691.399999999919,-0.094455339570
691.449999999919,-0.125911121508
691.499999999919,-0.157268195575
691.549999999919,-0.188501979432
691.599999999919,-0.219587987393
691.649999999919,-0.250501849619
691.699999999919,-0.281219331225
691.749999999919,-0.311716351280
691.799999999919,-0.341969001681
691.849999999919,-0.371953565901
691.899999999918,-0.401646537576
691.949999999918,-0.431024638939
691.999999999918,-0.460064839061
692.049999999918,-0.488744371915
692.099999999918,-0.517040754214
692.149999999918,-0.544931803045
692.199999999918,-0.572395653253
692.249999999918,-0.599410774588
692.299999999918,-0.625955988577
692.349999999918,-0.652010485132
692.399999999918,-0.677553838863
692.449999999918,-0.702566025089
692.499999999918,-0.727027435536
692.549999999918,-0.750918893713
692.599999999918,-0.774221669938
692.649999999918,-0.796917496030
692.699999999918,-0.818988579624
692.749999999918,-0.840417618119
692.799999999918,-0.861187812248
692.849999999918,-0.881282879243
692.899999999918,-0.900687065599
692.949999999918,-0.919385159429
692.999999999917,-0.937362502385
693.049999999917,-0.954605001151
693.099999999917,-0.971099138491
693.149999999917,-0.986831983846
693.199999999917,-1.001791203471
693.249999999917,-1.015965070104
693.299999999917,-1.029342472160
693.349999999917,-1.041912922441
693.399999999917,-1.053666566357
693.449999999917,-1.064594189654
693.499999999917,-1.074687225635
693.549999999917,-1.083937761877
693.599999999917,-1.092338546433
693.649999999917,-1.099882993517
693.699999999917,-1.106565188671
693.749999999917,-1.112379893395
693.799999999917,-1.117322549259
693.849999999917,-1.121389281474
693.899999999917,-1.124576901929
693.949999999917,-1.126882911694
693.999999999917,-1.128305502975
694.049999999917,-1.128843560534
694.099999999916,-1.128496662561
694.149999999916,-1.127265081005
694.199999999916,-1.125149781365
694.249999999916,-1.122152421926
694.299999999916,-1.118275352466
694.349999999916,-1.113521612406
694.399999999916,-1.107894928438
694.449999999916,-1.101399711592
694.499999999916,-1.094041053785
694.549999999916,-1.085824723830
694.599999999916,-1.076757162906
694.649999999916,-1.066845479519
694.699999999916,-1.056097443919
694.749999999916,-1.044521482017
694.799999999916,-1.032126668773
694.849999999916,-1.018922721086
694.899999999916,-1.004919990175
694.949999999916,-0.990129453464
694.999999999916,-0.974562705976
695.049999999916,-0.958231951244
695.099999999916,-0.941149991742
695.149999999916,-0.923330218852
695.199999999915,-0.904786602364
695.249999999915,-0.885533679523
695.299999999915,-0.865586543634
695.349999999915,-0.844960832230
695.399999999915,-0.823672714813
695.449999999915,-0.801738880176
695.499999999915,-0.779176523321
695.549999999915,-0.756003331982
695.599999999915,-0.732237472753
695.649999999915,-0.707897576851
695.699999999915,-0.683002725507
695.749999999915,-0.657572435009
695.799999999915,-0.631626641404
695.849999999915,-0.605185684863
695.899999999915,-0.578270293743
695.949999999915,-0.550901568332
695.999999999915,-0.523100964308
696.049999999915,-0.494890275922
696.099999999915,-0.466291618907
696.149999999915,-0.437327413147
696.199999999915,-0.408020365095
696.249999999915,-0.378393449975
696.299999999914,-0.348469893772
696.349999999914,-0.318273155021
696.399999999914,-0.287826906418
696.449999999914,-0.257155016263
696.499999999914,-0.226281529746
696.549999999914,-0.195230650101
696.599999999914,-0.164026719626
696.649999999914,-0.132694200604
696.699999999914,-0.101257656125
696.749999999914,-0.069741730830
696.799999999914,-0.038171131590
696.849999999914,-0.006570608139
696.899999999914,0.025035066333
696.949999999914,0.056621114595
696.999999999914,0.088162774804
697.049999999914,0.119635319912
697.099999999914,0.151014077058
697.149999999914,0.182274446902
697.199999999914,0.213391922916
697.249999999914,0.244342110592
697.299999999914,0.275100746569
697.349999999914,0.305643717651
697.399999999913,0.335947079714
697.449999999913,0.365987076473
697.499999999913,0.395740158110
697.549999999913,0.425182999733
697.599999999913,0.454292519662
697.649999999913,0.483045897524
697.699999999913,0.511420592145
697.749999999913,0.539394359216
697.799999999913,0.566945268737
697.849999999913,0.594051722207
697.899999999913,0.620692469554
697.949999999913,0.646846625796
697.999999999913,0.672493687415
698.049999999913,0.697613548429
698.099999999913,0.722186516152
698.149999999913,0.746193326637
698.199999999913,0.769615159774
698.249999999913,0.792433654045
698.299999999913,0.814630920920
698.349999999913,0.836189558879
698.399999999913,0.857092667053
698.449999999913,0.877323858476
698.499999999912,0.896867272931
698.549999999912,0.915707589381
698.599999999912,0.933830037983
698.649999999912,0.951220411667
698.699999999912,0.967865077270
698.749999999912,0.983750986226
698.799999999912,0.998865684796
698.849999999912,1.013197323831
698.899999999912,1.026734668061
698.949999999912,1.039467104900
698.999999999912,1.051384652770
699.049999999912,1.062477968925
699.099999999912,1.072738356772
699.149999999912,1.082157772693
699.199999999912,1.090728832348
699.249999999912,1.098444816466
699.299999999912,1.105299676110
699.349999999912,1.111288037422
699.399999999912,1.116405205832
699.449999999912,1.120647169743
699.499999999912,1.124010603673
699.549999999912,1.126492870861
699.599999999911,1.128092025337
699.649999999911,1.128806813447
699.699999999911,1.128636674832
699.749999999911,1.127581742873
699.799999999911,1.125642844582
699.849999999911,1.122821499956
699.899999999911,1.119119920785
699.949999999911,1.114541008918
699.999999999911,1.109088353987
700.049999999911,1.102766230593
700.099999999911,1.095579594959
700.149999999911,1.087534081037
700.199999999911,1.078635996100
700.249999999911,1.068892315789
700.299999999911,1.058310678652
700.349999999911,1.046899380149
700.399999999911,1.034667366154
700.449999999911,1.021624225940
700.499999999911,1.007780184660
700.549999999911,0.993146095334
700.599999999911,0.977733430338
700.649999999911,0.961554272412
700.699999999910,0.944621305188
700.749999999910,0.926947803243
700.799999999910,0.908547621700
700.849999999910,0.889435185356
700.899999999910,0.869625477385
700.949999999910,0.849134027581
700.999999999910,0.827976900192
701.049999999910,0.806170681322
701.099999999910,0.783732465930
701.149999999910,0.760679844428
701.199999999910,0.737030888890
701.249999999910,0.712804138885
701.299999999910,0.688018586946
701.349999999910,0.662693663675
701.399999999910,0.636849222514
701.449999999910,0.610505524183
701.499999999910,0.583683220790
701.549999999910,0.556403339649
701.599999999910,0.528687266788
701.649999999910,0.500556730190
701.699999999910,0.472033782754
701.749999999910,0.443140785009
701.799999999909,0.413900387587
701.849999999909,0.384335513461
701.899999999909,0.354469339978
701.949999999909,0.324325280688
701.999999999909,0.293926966991
702.049999999909,0.263298229606
702.099999999909,0.232463079895
702.149999999909,0.201445691036
702.199999999909,0.170270379074
702.249999999909,0.138961583856
702.299999999909,0.107543849873
702.349999999909,0.076041807021
702.399999999909,0.044480151286
702.449999999909,0.012883625392
702.499999999909,-0.018723000605
702.549999999909,-0.050314948729
702.599999999909,-0.081867452509
702.649999999909,-0.113355776401
702.699999999909,-0.144755235169
702.749999999909,-0.176041213248
702.799999999909,-0.207189184032
702.849999999909,-0.238174729109
702.899999999908,-0.268973557396
702.949999999908,-0.299561524192
702.999999999908,-0.329914650097
703.049999999908,-0.360009139814
703.099999999908,-0.389821400804
703.149999999908,-0.419328061784
703.199999999908,-0.448505991041
703.249999999908,-0.477332314573
703.299999999908,-0.505784434020
703.349999999908,-0.533840044377
703.399999999908,-0.561477151482
703.449999999908,-0.588674089259
703.499999999908,-0.615409536702
703.549999999908,-0.641662534590
703.599999999908,-0.667412501917
703.649999999908,-0.692639252027
703.699999999908,-0.717323008440
703.749999999908,-0.741444420356
703.799999999908,-0.764984577823
703.849999999908,-0.787925026564
703.899999999908,-0.810247782441
703.949999999908,-0.831935345558
703.999999999907,-0.852970713976
704.049999999907,-0.873337397043
704.099999999907,-0.893019428323
704.149999999907,-0.912001378112
704.199999999907,-0.930268365533
704.249999999907,-0.947806070204
704.299999999907,-0.964600743462
704.349999999907,-0.980639219144
704.399999999907,-0.995908923907
704.449999999907,-1.010397887084
704.499999999907,-1.024094750070
704.549999999907,-1.036988775227
704.599999999907,-1.049069854298
704.649999999907,-1.060328516336
704.699999999907,-1.070755935128
704.749999999907,-1.080343936111
704.799999999907,-1.089085002783
704.849999999907,-1.096972282595
704.899999999907,-1.103999592326
704.949999999907,-1.110161422922
704.999999999907,-1.115452943826
705.049999999907,-1.119870006755
705.099999999906,-1.123409148958
705.149999999906,-1.126067595930
705.199999999906,-1.127843263584
705.249999999906,-1.128734759887
705.299999999906,-1.128741385952
705.349999999906,-1.127863136585
705.399999999906,-1.126100700287
705.449999999906,-1.123455458720
705.499999999906,-1.119929485616
705.549999999906,-1.115525545159
705.599999999906,-1.110247089811
705.649999999906,-1.104098257612
705.699999999906,-1.097083868931
705.749999999906,-1.089209422689
705.799999999906,-1.080481092049
705.849999999906,-1.070905719575
705.899999999906,-1.060490811868
705.949999999906,-1.049244533684
705.999999999906,-1.037175701527
706.049999999906,-1.024293776745
706.099999999906,-1.010608858106
706.149999999906,-0.996131673885
706.199999999905,-0.980873573454
706.249999999905,-0.964846518382
706.299999999905,-0.948063073059
706.349999999905,-0.930536394846
706.399999999905,-0.912280223762
706.449999999905,-0.893308871709
706.499999999905,-0.873637211256
706.549999999905,-0.853280663978
706.599999999905,-0.832255188364
706.649999999905,-0.810577267310
706.699999999905,-0.788263895196
706.749999999905,-0.765332564564
706.799999999905,-0.741801252401
706.849999999905,-0.717688406051
706.899999999905,-0.693012928751
706.949999999905,-0.667794164811
706.999999999905,-0.642051884450
707.049999999905,-0.615806268298
707.099999999905,-0.589077891573
707.149999999905,-0.561887707954
707.199999999905,-0.534257033151
707.249999999905,-0.506207528199
707.299999999904,-0.477761182473
707.349999999904,-0.448940296450
707.399999999904,-0.419767464230
707.449999999904,-0.390265555819
707.499999999904,-0.360457699201
707.549999999904,-0.330367262210
707.599999999904,-0.300017834206
707.649999999904,-0.269433207588
707.699999999904,-0.238637359135
707.749999999904,-0.207654431215
707.799999999904,-0.176508712858
707.849999999904,-0.145224620710
707.899999999904,-0.113826679898
707.949999999904,-0.082339504799
707.999999999904,-0.050787779746
708.049999999904,-0.019196239675
708.099999999904,0.012410349265
708.149999999904,0.044007209126
708.199999999904,0.075569569590
708.249999999904,0.107072687382
708.299999999904,0.138491865671
708.349999999904,0.169802473431
708.399999999903,0.200979964749
708.449999999903,0.231999898069
708.499999999903,0.262837955352
708.549999999903,0.293469961140
708.599999999903,0.323871901511
708.649999999903,0.354019942899
708.699999999903,0.383890450785
708.749999999903,0.413460008220
708.799999999903,0.442705434187
708.849999999903,0.471603801768
708.899999999903,0.500132456125
708.949999999903,0.528269032252
708.999999999903,0.555991472517
709.049999999903,0.583278043944
709.099999999903,0.610107355261
709.149999999903,0.636458373661
709.199999999903,0.662310441295
709.249999999903,0.687643291467
709.299999999903,0.712437064519
709.349999999903,0.736672323404
709.399999999903,0.760330068920
709.449999999903,0.783391754606
709.499999999902,0.805839301281
709.549999999902,0.827655111220
709.599999999902,0.848822081943
709.649999999902,0.869323619631
709.699999999902,0.889143652128
709.749999999902,0.908266641544
709.799999999902,0.926677596434
709.849999999902,0.944362083553
709.899999999902,0.961306239169
709.949999999902,0.977496779931
709.999999999902,0.992921013285
710.049999999902,1.007566847423
710.099999999902,1.021422800759
710.149999999902,1.034478010937
710.199999999902,1.046722243340
710.249999999902,1.058145899118
710.299999999902,1.068740022709
710.349999999902,1.078496308863
710.399999999902,1.087407109151
710.449999999902,1.095465437963
710.499999999902,1.102664977981
710.549999999902,1.109000085135
710.599999999901,1.114465793025
710.649999999901,1.119057816816
710.699999999901,1.122772556598
710.749999999901,1.125607100203
710.799999999901,1.127559225495
710.849999999901,1.128627402108
710.899999999901,1.128810792646
710.949999999901,1.128109253340
710.999999999901,1.126523334161
711.049999999901,1.124054278389
711.099999999901,1.120704021637
711.149999999901,1.116475190334
711.199999999901,1.111371099668
711.249999999901,1.105395750984
711.299999999901,1.098553828650
711.349999999901,1.090850696382
711.399999999901,1.082292393042
711.449999999901,1.072885627900
711.499999999901,1.062637775379
711.549999999901,1.051556869271
711.599999999901,1.039651596437
711.649999999901,1.026931290004
711.699999999900,1.013405922038
711.749999999900,0.999086095736
711.799999999900,0.983983037108
711.849999999900,0.968108586179
711.899999999900,0.951475187704
711.949999999900,0.934095881417
711.999999999900,0.915984291803
712.049999999900,0.897154617422
712.099999999900,0.877621619772
712.149999999900,0.857400611725
712.199999999900,0.836507445513
712.249999999900,0.814958500311
712.299999999900,0.792770669386
712.349999999900,0.769961346863
712.399999999900,0.746548414080
712.449999999900,0.722550225580
712.499999999900,0.697985594711
712.549999999900,0.672873778887
712.599999999900,0.647234464485
712.649999999900,0.621087751414
712.699999999900,0.594454137359
712.749999999900,0.567354501707
712.799999999899,0.539810089186
712.849999999899,0.511842493204
712.899999999899,0.483473638924
712.949999999899,0.454725766075
712.999999999899,0.425621411516
713.049999999899,0.396183391571
713.099999999899,0.366434784139
713.149999999899,0.336398910606
713.199999999899,0.306099317556
713.249999999899,0.275559758321
713.299999999899,0.244804174348
713.349999999899,0.213856676442
713.399999999899,0.182741525856
713.449999999899,0.151483115273
713.499999999899,0.120105949687
713.549999999899,0.088634627188
713.599999999899,0.057093819681
713.649999999899,0.025508253544
713.699999999899,-0.006097309757
713.749999999899,-0.037698093080
713.799999999899,-0.069269323029
713.849999999899,-0.100786249376
713.899999999898,-0.132224164466
713.949999999898,-0.163558422584
713.999999999898,-0.194764459276
714.049999999898,-0.225817810607
714.099999999898,-0.256694132342
714.149999999898,-0.287369219025
714.199999999898,-0.317819022959
714.249999999898,-0.348019673057
714.299999999898,-0.377947493558
714.349999999898,-0.407579022582
714.399999999898,-0.436891030529
714.449999999898,-0.465860538285
714.499999999898,-0.494464835240
714.549999999898,-0.522681497092
714.599999999898,-0.550488403421
714.649999999898,-0.577863755038
714.699999999898,-0.604786091069
714.749999999898,-0.631234305782
714.799999999898,-0.657187665131
714.849999999898,-0.682625823012
714.899999999898,-0.707528837211
714.949999999897,-0.731877185042
714.999999999897,-0.755651778647
715.049999999897,-0.778833979961
715.099999999897,-0.801405615327
715.149999999897,-0.823348989739
715.199999999897,-0.844646900715
715.249999999897,-0.865282651783
715.299999999897,-0.885240065572
715.349999999897,-0.904503496492
715.399999999897,-0.923057842999
715.449999999897,-0.940888559436
715.499999999897,-0.957981667435
715.549999999897,-0.974323766874
715.599999999897,-0.989902046385
715.649999999897,-1.004704293395
715.699999999897,-1.018718903699
715.749999999897,-1.031934890562
715.799999999897,-1.044341893326
715.849999999897,-1.055930185537
715.899999999897,-1.066690682567
715.949999999897,-1.076614948739
715.999999999897,-1.085695203934
716.049999999896,-1.093924329699
716.099999999896,-1.101295874820
716.149999999896,-1.107804060384
716.199999999896,-1.113443784306
716.249999999896,-1.118210625332
716.299999999896,-1.122100846502
716.349999999896,-1.125111398082
716.399999999896,-1.127239919955
716.449999999896,-1.128484743468
716.499999999896,-1.128844892743
716.549999999896,-1.128320085441
716.599999999896,-1.126910732985
716.649999999896,-1.124617940234
716.699999999896,-1.121443504622
716.749999999896,-1.117389914742
716.799999999896,-1.112460348402
716.849999999896,-1.106658670128
716.899999999896,-1.099989428141
716.949999999896,-1.092457850783
716.999999999896,-1.084069842426
717.049999999896,-1.074831978838
717.099999999896,-1.064751502032
717.149999999895,-1.053836314585
717.199999999895,-1.042094973445
717.249999999895,-1.029536683221
717.299999999895,-1.016171288971
717.349999999895,-1.002009268479
717.399999999895,-0.987061724043
717.449999999895,-0.971340373772
717.499999999895,-0.954857542401
717.549999999895,-0.937626151624
717.599999999895,-0.919659709970
717.649999999895,-0.900972302208
717.699999999895,-0.881578578309
717.749999999895,-0.861493741959
717.799999999895,-0.840733538640
717.849999999895,-0.819314243290
717.899999999895,-0.797252647539
717.949999999895,-0.774566046547
717.999999999895,-0.751272225448
718.049999999895,-0.727389445404
718.099999999895,-0.702936429292
718.149999999895,-0.677932347024
718.199999999895,-0.652396800519
718.249999999894,-0.626349808339
718.299999999894,-0.599811789990
718.349999999894,-0.572803549921
718.399999999894,-0.545346261207
718.449999999894,-0.517461448957
718.499999999894,-0.489170973436
718.549999999894,-0.460497012927
718.599999999894,-0.431462046346
718.649999999894,-0.402088835620
718.699999999894,-0.372400407843
718.749999999894,-0.342420037220
718.799999999894,-0.312171226826
718.849999999894,-0.281677690180
718.899999999894,-0.250963332652
718.949999999894,-0.220052232726
718.999999999894,-0.188968623121
719.049999999894,-0.157736871794
719.099999999894,-0.126381462839
719.149999999894,-0.094926977290
719.199999999894,-0.063398073853
719.249999999894,-0.031819469574
719.299999999894,-0.000215920460
719.349999999893,0.031387797924
719.399999999893,0.062966909883
719.449999999893,0.094496659009
719.499999999893,0.125952327595
719.549999999893,0.157309256007
719.599999999893,0.188542862020
719.649999999893,0.219628660086
719.699999999893,0.250542280532
719.749999999893,0.281259488663
719.799999999893,0.311756203761
719.849999999893,0.342008517963
719.899999999893,0.371992715005
719.949999999893,0.401685288812
719.999999999893,0.431062961927
720.049999999893,0.460102703758
720.099999999893,0.488781748637
720.149999999893,0.517077613660
720.199999999893,0.544968116318
720.249999999893,0.572431391886
720.299999999893,0.599445910564
720.349999999893,0.625990494350
720.399999999893,0.652044333653
720.449999999892,0.677587003596
720.499999999892,0.702598480034
720.549999999892,0.727059155250
720.599999999892,0.750949853329
720.649999999892,0.774251845186
720.699999999892,0.796946863255
720.749999999892,0.819017115801
720.799999999892,0.840445300880
720.849999999892,0.861214619889
720.899999999892,0.881308790749
720.949999999892,0.900712060657
720.999999999892,0.919409218443
721.049999999892,0.937385606495
721.099999999892,0.954627132244
721.149999999892,0.971120279218
721.199999999892,0.986852117633
721.249999999892,1.001810314535
721.299999999892,1.015983143463
721.349999999892,1.029359493645
721.399999999892,1.041928878707
721.449999999892,1.053681444897
721.499999999892,1.064607978803
721.549999999891,1.074699914583
721.599999999891,1.083949340676
721.649999999891,1.092349006006
721.699999999891,1.099892325665
721.749999999891,1.106573386078
721.799999999891,1.112386949634
721.849999999891,1.117328458799
721.899999999891,1.121394039681
721.949999999891,1.124580505074
721.999999999891,1.126885356952
722.049999999891,1.128306788429
722.099999999891,1.128843685176
722.149999999891,1.128495626293
722.199999999891,1.127262884641
722.249999999891,1.125146426625
722.299999999891,1.122147911441
722.349999999891,1.118269689771
722.399999999891,1.113514801942
722.449999999891,1.107886975542
722.499999999891,1.101390622500
722.549999999891,1.094030835623
722.599999999891,1.085813384606
722.649999999890,1.076744711512
722.699999999890,1.066831925715
722.749999999890,1.056082798331
722.799999999890,1.044505756125
722.849999999890,1.032109874907
722.899999999890,1.018904872411
722.949999999890,1.004901100684
722.999999999890,0.990109537964
723.049999999890,0.974541780081
723.099999999890,0.958210031357
723.149999999890,0.941127095049
723.199999999890,0.923306363303
723.249999999890,0.904761806659
723.299999999890,0.885507963101
723.349999999890,0.865559926656
723.399999999890,0.844933335562
723.449999999890,0.823644360011
723.499999999890,0.801709689468
723.549999999890,0.779146519593
723.599999999890,0.755972538754
723.649999999890,0.732205914165
723.699999999890,0.707865277643
723.749999999889,0.682969711001
723.799999999889,0.657538731087
723.849999999889,0.631592274487
723.899999999889,0.605150681893
723.949999999889,0.578234682161
723.999999999889,0.550865376056
724.049999999889,0.523064219710
724.099999999889,0.494853007808
724.149999999889,0.466253856494
724.199999999889,0.437289186039
724.249999999889,0.407981703259
724.299999999889,0.378354383721
724.349999999889,0.348430453725
724.399999999889,0.318233372100
724.449999999889,0.287786811811
724.499999999889,0.257114641402
724.549999999889,0.226240906284
724.599999999889,0.195189809884
724.649999999889,0.163985694670
724.699999999889,0.132653023070
724.749999999889,0.101216358295
724.799999999889,0.069700345080
724.849999999888,0.038129690364
724.899999999888,0.006529143924
724.949999999888,-0.025076521031
724.999999999888,-0.056662527277
725.049999999888,-0.088204113005
725.099999999888,-0.119676551225
725.149999999888,-0.151055169160
725.199999999888,-0.182315367578
725.249999999888,-0.213432640087
725.299999999888,-0.244382592338
725.349999999888,-0.275140961154
725.399999999888,-0.305683633549
725.449999999888,-0.335986665632
725.499999999888,-0.366026301379
725.549999999888,-0.395778991253
725.599999999888,-0.425221410670
725.649999999888,-0.454330478281
725.699999999888,-0.483083374068
725.749999999888,-0.511457557233
725.799999999888,-0.539430783870
725.849999999888,-0.566981124402
725.899999999888,-0.594086980773
725.949999999887,-0.620727103381
725.999999999887,-0.646880607733
726.049999999887,-0.672526990822
726.099999999887,-0.697646147196
726.149999999887,-0.722218384725
726.199999999887,-0.746224440033
726.249999999887,-0.769645493601
726.299999999887,-0.792463184523
726.349999999887,-0.814659624898
726.399999999887,-0.836217413855
726.449999999887,-0.857119651190
726.499999999887,-0.877349950620
726.549999999887,-0.896892452627
726.599999999887,-0.915731836889
726.649999999887,-0.933853334296
726.699999999887,-0.951242738520
726.749999999887,-0.967886417160
726.799999999887,-0.983771322424
726.849999999887,-0.998885001360
726.899999999887,-1.013215605617
726.949999999887,-1.026751900737
726.999999999887,-1.039483274957
727.049999999886,-1.051399747532
727.099999999886,-1.062491976557
727.149999999886,-1.072751266294
727.199999999886,-1.082169573984
727.249999999886,-1.090739516156
727.299999999886,-1.098454374416
727.349999999886,-1.105308100709
727.399999999886,-1.111295322065
727.449999999886,-1.116411344809
727.499999999886,-1.120652158242
727.549999999886,-1.124014437782
727.599999999886,-1.126495547574
727.649999999886,-1.128093542557
727.699999999886,-1.128807169983
727.749999999886,-1.128635870406
727.799999999886,-1.127579778114
727.849999999886,-1.125639721032
727.899999999886,-1.122817220063
727.949999999886,-1.119114487905
727.999999999886,-1.114534427309
728.049999999886,-1.109080628808
728.099999999886,-1.102757367902
728.149999999885,-1.095569601702
728.199999999885,-1.087522965050
728.249999999885,-1.078623766096
728.299999999885,-1.068878981356
728.349999999885,-1.058296250243
728.399999999885,-1.046883869076
728.449999999885,-1.034650784577
728.499999999885,-1.021606586858
728.549999999885,-1.007761501901
728.599999999885,-0.993126383544
728.649999999885,-0.977712704970
728.699999999885,-0.961532549715
728.749999999885,-0.944598602190
728.799999999885,-0.926924137743
728.849999999885,-0.908523012249
728.899999999885,-0.889409651248
728.949999999885,-0.869599038636
728.999999999885,-0.849106704919
729.049999999885,-0.827948715036
729.099999999885,-0.806141655768
729.149999999885,-0.783702622733
729.199999999885,-0.760649206983
729.249999999884,-0.736999481214
729.299999999884,-0.712771985602
729.349999999884,-0.687985713261
729.399999999884,-0.662660095360
729.449999999884,-0.636814985885
729.499999999884,-0.610470646079
729.549999999884,-0.583647728555
729.599999999884,-0.556367261106
729.649999999884,-0.528650630221
729.699999999884,-0.500519564320
729.749999999884,-0.471996116717
729.799999999884,-0.443102648334
729.849999999884,-0.413861810171
729.899999999884,-0.384296525546
729.949999999884,-0.354429972129
729.999999999884,-0.324285563768
730.049999999884,-0.293886932135
730.099999999884,-0.263257908200
730.149999999884,-0.232422503549
730.199999999884,-0.201404891559
730.249999999884,-0.170229388451
730.299999999884,-0.138920434221
730.349999999883,-0.107502573487
730.399999999883,-0.076000436241
730.449999999883,-0.044438718546
730.499999999883,-0.012842163171
730.549999999883,0.018764459801
730.599999999883,0.050356372399
730.649999999883,0.081908808179
730.699999999883,0.113397031649
730.749999999883,0.144796357655
730.799999999883,0.176082170733
730.849999999883,0.207229944407
730.899999999883,0.238215260420
730.949999999883,0.269013827870
730.999999999883,0.299601502258
731.049999999883,0.329954304413
731.099999999883,0.360048439294
731.149999999883,0.389860314641
731.199999999883,0.419366559469
731.249999999883,0.448544042395
731.299999999883,0.477369889766
731.349999999883,0.505821503594
731.399999999883,0.533876579271
731.449999999882,0.561513123056
731.499999999882,0.588709469313
731.549999999882,0.615444297499
731.599999999882,0.641696648880
731.649999999882,0.667445942955
731.699999999882,0.692671993598
731.749999999882,0.717355024876
731.799999999882,0.741475686558
731.849999999882,0.765015069279
731.899999999882,0.787954719371
731.949999999882,0.810276653322
731.999999999882,0.831963371879
732.049999999882,0.852997873765
732.099999999882,0.873363669009
732.149999999882,0.893044791870
732.199999999882,0.912025813356
732.249999999882,0.930291853318
732.299999999882,0.947828592117
732.349999999882,0.964622281848
732.399999999882,0.980659757117
732.449999999882,0.995928445366
732.499999999882,1.010416376726
732.549999999881,1.024112193400
732.599999999881,1.037005158569
732.649999999881,1.049085164809
732.699999999881,1.060342742014
732.749999999881,1.070769064820
732.799999999881,1.080355959524
732.849999999881,1.089095910492
732.899999999881,1.096982066049
732.949999999881,1.104008243854
732.999999999881,1.110168935743
733.049999999881,1.115459312049
733.099999999881,1.119875225389
733.149999999881,1.123413213911
733.199999999881,1.126070504016
733.249999999881,1.127845012522
733.299999999881,1.128735348307
733.349999999881,1.128740813392
733.399999999881,1.127861403494
733.449999999881,1.126097808025
733.499999999881,1.123451409553
733.549999999881,1.119924282719
733.599999999881,1.115519192610
733.649999999880,1.110239592591
733.699999999880,1.104089621597
733.749999999880,1.097074100892
733.799999999880,1.089198530284
733.849999999880,1.080469083817
733.899999999880,1.070892604930
733.949999999880,1.060476601091
733.999999999880,1.049229237915
734.049999999880,1.037159332758
734.099999999880,1.024276347807
734.149999999880,1.010590382663
734.199999999880,0.996112166422
734.249999999880,0.980853049263
734.299999999880,0.964824993552
734.349999999880,0.948040564465
734.399999999880,0.930512920134
734.449999999880,0.912255801335
734.499999999880,0.893283520713
734.549999999880,0.873610951565
734.599999999880,0.853253516177
734.649999999880,0.832227173736
734.699999999880,0.810548407817
734.749999999879,0.788234213463
734.799999999879,0.765302083859
734.849999999879,0.741769996621
734.899999999879,0.717656399698
734.949999999879,0.692980196916
734.999999999879,0.667760733154
735.049999999879,0.642017779180
735.099999999879,0.615771516152
735.149999999879,0.589042519794
735.199999999879,0.561851744272
735.249999999879,0.534220505760
735.299999999879,0.506170465735
735.349999999879,0.477723613991
735.399999999879,0.448902251402
735.449999999879,0.419728972441
735.499999999879,0.390226647464
735.549999999879,0.360418404782
735.599999999879,0.330327612532
735.649999999879,0.299977860353
735.699999999879,0.269392940897
735.749999999879,0.238596831173
735.799999999879,0.207613673755
735.849999999878,0.176467757850
735.899999999878,0.145183500262
735.949999999878,0.113785426245
735.999999999878,0.082298150283
736.049999999878,0.050746356786
736.099999999878,0.019154780745
736.149999999878,-0.012451811663
736.199999999878,-0.044048642489
736.249999999878,-0.075610941435
736.299999999878,-0.107113965276
736.349999999878,-0.138533017254
736.399999999878,-0.169843466443
736.449999999878,-0.201020767053
736.499999999878,-0.232040477678
736.549999999878,-0.262878280454
736.599999999878,-0.293510000123
736.649999999878,-0.323911622985
736.699999999878,-0.354059315725
736.749999999878,-0.383929444097
736.799999999878,-0.413498591450
736.849999999878,-0.442743577086
736.899999999878,-0.471641474435
736.949999999877,-0.500169629025
736.999999999877,-0.528305676245
737.049999999877,-0.556027558875
737.099999999877,-0.583313544378
737.149999999877,-0.610142241940
737.199999999877,-0.636492619236
737.249999999877,-0.662344018919
737.299999999877,-0.687676174817
737.349999999877,-0.712469227816
737.399999999877,-0.736703741434
737.449999999877,-0.760360717052
737.499999999877,-0.783421608814
737.549999999877,-0.805868338161
737.599999999877,-0.827683308008
737.649999999877,-0.848849416535
737.699999999877,-0.869350070598
737.749999999877,-0.889169198733
737.799999999877,-0.908291263760
737.849999999877,-0.926701274959
737.899999999877,-0.944384799823
737.949999999877,-0.961327975376
737.999999999877,-0.977517519036
738.049999999876,-0.992940739029
738.099999999876,-1.007585544341
738.149999999876,-1.021440454195
738.199999999876,-1.034494607051
738.249999999876,-1.046737769122
738.299999999876,-1.058160342396
738.349999999876,-1.068753372161
738.399999999876,-1.078508554023
738.449999999876,-1.087418240420
738.499999999876,-1.095475446614
738.549999999876,-1.102673856168
738.599999999876,-1.109007825898
738.649999999876,-1.114472390295
738.699999999876,-1.119063265422
738.749999999876,-1.122776852268
738.799999999876,-1.125610239570
738.849999999876,-1.127561206097
738.899999999876,-1.128628222393
738.949999999876,-1.128810451971
738.999999999876,-1.128107751972
739.049999999876,-1.126520673277
739.099999999876,-1.124050460075
739.149999999875,-1.120699048886
739.199999999875,-1.116469067045
739.249999999875,-1.111363830641
739.299999999875,-1.105387341917
739.349999999875,-1.098544286136
739.399999999875,-1.090840027901
739.449999999875,-1.082280606958
739.499999999875,-1.072872733453
739.549999999875,-1.062623782678
739.599999999875,-1.051541789284
739.649999999875,-1.039635440988
739.699999999875,-1.026914071756
739.749999999875,-1.013387654491
739.799999999875,-0.999066793210
739.849999999875,-0.983962714735
739.899999999875,-0.968087259890
739.949999999875,-0.951452874220
739.999999999875,-0.934072598229
740.049999999875,-0.915960057164
740.099999999875,-0.897129450330
740.149999999875,-0.877595539958
740.199999999875,-0.857373639633
740.249999999874,-0.836479602290
740.299999999874,-0.814929807782
740.349999999874,-0.792741150046
740.399999999874,-0.769931023853
740.449999999874,-0.746517311173
740.499999999874,-0.722518367157
740.549999999874,-0.697953005749
740.599999999874,-0.672840484933
740.649999999874,-0.647200491641
740.699999999874,-0.621053126312
740.749999999874,-0.594418887143
740.799999999874,-0.567318654012
740.849999999874,-0.539773672115
740.899999999874,-0.511805535306
740.949999999874,-0.483436169172
740.999999999874,-0.454687813842
741.049999999874,-0.425583006556
741.099999999874,-0.396144563992
741.149999999874,-0.366395564379
741.199999999874,-0.336359329411
741.249999999874,-0.306059405957
741.299999999874,-0.275519547605
741.349999999873,-0.244763696039
741.399999999873,-0.213815962273
741.449999999873,-0.182700607744
741.499999999873,-0.151442025297
741.549999999873,-0.120064720059
741.599999999873,-0.088593290229
741.649999999873,-0.057052407798
741.699999999873,-0.025466799202
741.749999999873,0.006138774061
741.799999999873,0.037739534839
741.849999999873,0.069310709755
741.899999999873,0.100827548625
741.949999999873,0.132265343861
741.999999999873,0.163599449842
742.049999999873,0.194805302233
742.099999999873,0.225858437246
742.149999999873,0.256734510813
742.199999999873,0.287409317672
742.249999999873,0.317858810348
742.299999999873,0.348059117998
742.349999999873,0.377986565126
742.399999999873,0.407617690148
742.449999999872,0.436929263779
742.499999999872,0.465898307247
742.549999999872,0.494502110305
742.599999999872,0.522718249037
742.649999999872,0.550524603435
742.699999999872,0.577899374742
742.749999999872,0.604821102540
742.799999999872,0.631268681572
742.849999999872,0.657221378291
742.899999999872,0.682658847112
742.949999999872,0.707561146363
742.999999999872,0.731908753917
743.049999999872,0.755682582496
743.099999999872,0.778863994636
743.149999999872,0.801434817298
743.199999999872,0.823377356113
743.249999999872,0.844674409254
743.299999999872,0.865309280922
743.349999999872,0.885265794435
743.399999999872,0.904528304909
743.449999999872,0.923081711521
743.499999999872,0.940911469352
743.549999999871,0.958003600784
743.599999999871,0.974344706463
743.649999999871,0.989921975797
743.699999999871,1.004723197006
743.749999999871,1.018736766691
743.799999999871,1.031951698930
743.849999999871,1.044357633894
743.899999999871,1.055944845965
743.949999999871,1.066704251362
743.999999999871,1.076627415262
744.049999999871,1.085706558414
744.099999999871,1.093934563234
744.149999999871,1.101304979388
744.199999999871,1.107812028847
744.249999999871,1.113450610417
744.299999999871,1.118216303739
744.349999999871,1.122105372755
744.399999999871,1.125114768632
744.449999999871,1.127242132160
744.499999999871,1.128485795593
744.549999999871,1.128844783963
744.599999999871,1.128318815842
744.649999999870,1.126908303562
744.699999999870,1.124614352892
744.749999999870,1.121438762173
744.799999999870,1.117384020903
744.849999999870,1.112453307794
744.899999999870,1.106650488272
744.949999999870,1.099980111449
744.999999999870,1.092447406560
745.049999999870,1.084058278859
745.099999999870,1.074819304993
745.149999999870,1.064737727844
745.199999999870,1.053821450853
745.249999999870,1.042079031820
745.299999999870,1.029519676202
745.349999999870,1.016153229890
745.399999999870,1.001990171493
745.449999999870,0.987041604124
745.499999999870,0.971319246693
745.549999999870,0.954835424723
745.599999999870,0.937603060688
745.649999999870,0.919635663877
745.699999999870,0.900947319809
745.749999999869,0.881552679189
745.799999999869,0.861466946421
745.849999999869,0.840705867692
745.899999999869,0.819285718623
745.949999999869,0.797223291515
745.999999999869,0.774535882180
746.049999999869,0.751241276386
746.099999999869,0.727357735909
746.149999999869,0.702903984222
746.199999999869,0.677899191815
746.249999999869,0.652362961163
746.299999999869,0.626315311364
746.349999999869,0.599776662440
746.399999999869,0.572767819334
746.449999999869,0.545309955594
746.499999999869,0.517424596780
746.549999999869,0.489133603585
746.599999999869,0.460459154697
746.649999999869,0.431423729418
746.699999999869,0.402050090032
746.749999999869,0.372361263968
746.799999999869,0.342380525746
746.849999999868,0.312131378728
746.899999999868,0.281637536697
746.949999999868,0.250922905262
746.999999999868,0.220011563122
747.049999999868,0.188927743186
747.099999999868,0.157695813575
747.149999999868,0.126340258524
747.199999999868,0.094885659182
747.249999999868,0.063356674342
747.299999999868,0.031778021116
747.349999999868,0.000174455548
747.399999999868,-0.031429246784
747.449999999868,-0.063008310196
747.499999999868,-0.094537978321
747.549999999868,-0.125993533512
747.599999999868,-0.157350316227
747.649999999868,-0.188583744353
747.699999999868,-0.219669332483
747.749999999868,-0.250582711108
747.799999999868,-0.281299645722
747.849999999868,-0.311796055822
747.899999999868,-0.342048033784
747.949999999867,-0.372031863608
747.999999999867,-0.401724039506
748.049999999867,-0.431101284333
748.099999999867,-0.460140567835
748.149999999867,-0.488819124699
748.199999999867,-0.517114472408
748.249999999867,-0.545004428856
748.299999999867,-0.572467129747
748.349999999867,-0.599481045731
748.399999999867,-0.626024999280
748.449999999867,-0.652078181294
748.499999999867,-0.677620167414
748.549999999867,-0.702630934030
748.599999999867,-0.727090873983
748.649999999867,-0.750980811932
748.699999999867,-0.774282019390
748.749999999867,-0.796976229403
748.799999999867,-0.819045650874
748.849999999867,-0.840472982506
748.899999999867,-0.861241426368
748.949999999867,-0.881334701065
748.999999999867,-0.900737054499
749.049999999866,-0.919433276217
749.099999999866,-0.937408709341
749.149999999866,-0.954649262050
749.199999999866,-0.971141418635
749.249999999866,-0.986872250089
749.299999999866,-1.001829424247
749.349999999866,-1.016001215450
749.399999999866,-1.029376513740
749.449999999866,-1.041944833568
749.499999999866,-1.053696322014
749.549999999866,-1.064621766515
749.599999999866,-1.074712602080
749.649999999866,-1.083960918012
749.699999999866,-1.092359464105
749.749999999866,-1.099901656329
749.799999999866,-1.106581581991
749.849999999866,-1.112394004372
749.899999999866,-1.117334366830
749.949999999866,-1.121398796375
749.999999999866,-1.124584106701
750.049999999866,-1.126887800689
750.099999999866,-1.128308072360
750.149999999865,-1.128843808295
750.199999999865,-1.128494588503
750.249999999865,-1.127260686755
750.299999999865,-1.125143070367
750.349999999865,-1.122143399442
750.399999999865,-1.118264025568
750.449999999865,-1.113507989975
750.499999999865,-1.107879021152
750.549999999865,-1.101381531922
750.599999999865,-1.094020615984
750.649999999865,-1.085802043918
750.699999999865,-1.076732258665
750.749999999865,-1.066818370471
750.799999999865,-1.056068151317
750.849999999865,-1.044490028825
750.899999999865,-1.032093079648
750.949999999865,-1.018887022361
750.999999999865,-1.004882209836
751.049999999865,-0.990089621128
751.099999999865,-0.974520852870
751.149999999865,-0.958188110178
751.199999999865,-0.941104197086
751.249999999864,-0.923282506507
751.299999999864,-0.904737009734
751.349999999864,-0.885482245485
751.399999999864,-0.865533308510
751.449999999864,-0.844905837754
751.499999999864,-0.823616004097
751.549999999864,-0.801680497679
751.599999999864,-0.779116514813
751.649999999864,-0.755941744505
751.699999999864,-0.732174354589
751.749999999864,-0.707832977481
751.799999999864,-0.682936695574
751.849999999864,-0.657505026277
751.899999999864,-0.631557906717
751.949999999864,-0.605115678107
751.999999999864,-0.578199069799
752.049999999864,-0.550829183036
752.099999999864,-0.523027474407
752.149999999864,-0.494815739027
752.199999999864,-0.466216093453
752.249999999864,-0.437250958340
752.299999999864,-0.407943040873
752.349999999863,-0.378315316956
752.399999999863,-0.348391013208
752.449999999863,-0.318193588750
752.499999999863,-0.287746716816
752.549999999863,-0.257074266195
752.599999999863,-0.226200282517
752.649999999863,-0.195148969403
752.699999999863,-0.163944669492
752.749999999863,-0.132611845358
752.799999999863,-0.101175060330
752.849999999863,-0.069658959236
752.899999999863,-0.038088249086
752.949999999863,-0.006487679700
752.999999999863,0.025117975694
753.049999999863,0.056703939883
753.099999999863,0.088245451087
753.149999999863,0.119717782377
753.199999999863,0.151096261057
753.249999999863,0.182356288008
753.299999999863,0.213473356970
753.349999999863,0.244423073754
753.399999999863,0.275181175367
753.449999999862,0.305723549034
753.499999999862,0.336026251097
753.549999999862,0.366065525791
753.599999999862,0.395817823863
753.649999999862,0.425259821034
753.699999999862,0.454368436287
753.749999999862,0.483120849959
753.799999999862,0.511494521631
753.849999999862,0.539467207796
753.899999999862,0.567016979301
753.949999999862,0.594122238538
753.999999999862,0.620761736370
754.049999999862,0.646914588797
754.099999999862,0.672560293320
754.149999999862,0.697678745023
754.199999999862,0.722250252324
754.249999999862,0.746255552421
754.299999999862,0.769675826389
754.349999999862,0.792492713931
754.399999999862,0.814688327777
754.449999999862,0.836245267702
754.499999999862,0.857146634170
754.549999999861,0.877376041580
754.599999999861,0.896917631112
754.649999999861,0.915756083162
754.699999999861,0.933876629348
754.749999999861,0.951265064089
754.799999999861,0.967907755744
754.849999999861,0.983791657294
754.899999999861,0.998904316576
754.949999999861,1.013233886036
754.999999999861,1.026769132028
755.049999999861,1.039499443612
755.099999999861,1.051414840875
755.149999999861,1.062505982756
755.199999999861,1.072764174368
755.249999999861,1.082181373814
755.299999999861,1.090750198493
755.349999999861,1.098463930884
755.399999999861,1.105316523817
755.449999999861,1.111302605210
755.499999999861,1.116417482281
755.549999999861,1.120657145228
755.599999999861,1.124018270374
755.649999999860,1.126498222768
755.699999999860,1.128095058255
755.749999999860,1.128807524997
755.799999999860,1.128635064457
755.849999999860,1.127577811835
755.899999999860,1.125636595963
755.949999999860,1.122812938655
755.999999999860,1.119109053514
756.049999999860,1.114527844195
756.099999999860,1.109072902133
756.149999999860,1.102748503722
756.199999999860,1.095559606967
756.249999999860,1.087511847595
756.299999999860,1.078611534636
756.349999999860,1.068865645481
756.399999999860,1.058281820407
756.449999999860,1.046868356591
756.499999999860,1.034634201604
756.549999999860,1.021588946397
756.599999999860,1.007742817782
756.649999999860,0.993106670414
756.699999999860,0.977691978284
756.749999999859,0.961510825720
756.799999999859,0.944575897917
756.849999999859,0.926900470991
756.899999999859,0.908498401572
756.949999999859,0.889384115940
756.999999999859,0.869572598714
757.049999999859,0.849079381111
757.099999999859,0.827920528763
757.149999999859,0.806112629127
757.199999999859,0.783672778478
757.249999999859,0.760618568511
757.299999999859,0.736968072545
757.349999999859,0.712739831357
757.399999999859,0.687952838648
757.449999999859,0.662626526151
757.499999999859,0.636780748397
757.549999999859,0.610435767152
757.599999999859,0.583612235532
757.649999999859,0.556331181812
757.699999999859,0.528613992941
757.749999999859,0.500482397775
757.799999999859,0.471958450044
757.849999999858,0.443064511062
757.899999999858,0.413823232196
757.949999999858,0.384257537113
757.999999999858,0.354390603803
758.049999999858,0.324245846410
758.099999999858,0.293846896883
758.149999999858,0.263217586438
758.199999999858,0.232381926889
758.249999999858,0.201364091810
758.299999999858,0.170188397598
758.349999999858,0.138879284400
758.399999999858,0.107461296955
758.449999999858,0.075959065358
758.499999999858,0.044397285745
758.549999999858,0.012800700933
758.599999999858,-0.018805918973
758.649999999858,-0.050397796001
758.699999999858,-0.081950163738
758.749999999858,-0.113438286745
758.799999999858,-0.144837479945
758.849999999858,-0.176123127980
758.899999999858,-0.207270704503
758.949999999857,-0.238255791410
758.999999999857,-0.269054097980
759.049999999857,-0.299641479919
759.099999999857,-0.329993958285
759.149999999857,-0.360087738289
759.199999999857,-0.389899227951
759.249999999857,-0.419405056589
759.299999999857,-0.448582093144
759.349999999857,-0.477407464314
759.399999999857,-0.505858572485
759.449999999857,-0.533913113446
759.499999999857,-0.561549093872
759.549999999857,-0.588744848572
759.599999999857,-0.615479057466
759.649999999857,-0.641730762303
759.699999999857,-0.667479383093
759.749999999857,-0.692704734234
759.799999999857,-0.717387040344
759.849999999857,-0.741506951759
759.899999999857,-0.765045559703
759.949999999857,-0.787984411115
759.999999999857,-0.810305523109
760.049999999856,-0.831991397076
760.099999999856,-0.853025032403
760.149999999856,-0.873389939796
760.199999999856,-0.893070154212
760.249999999856,-0.912050247370
760.299999999856,-0.930315339849
760.349999999856,-0.947851112752
760.399999999856,-0.964643818932
760.449999999856,-0.980680293767
760.499999999856,-0.995947965482
760.549999999856,-1.010434865004
760.599999999856,-1.024129635347
760.649999999856,-1.037021540511
760.699999999856,-1.049100473905
760.749999999856,-1.060356966261
760.799999999856,-1.070782193067
760.849999999856,-1.080367981480
760.899999999856,-1.089106816731
760.949999999856,-1.096991848022
760.999999999856,-1.104016893893
761.049999999856,-1.110176447066
761.099999999856,-1.115465678768
761.149999999855,-1.119880442512
761.199999999855,-1.123417277349
761.249999999855,-1.126073410582
761.299999999855,-1.127846759939
761.349999999855,-1.128735935204
761.399999999855,-1.128740239310
761.449999999855,-1.127859668883
761.499999999855,-1.126094914244
761.549999999855,-1.123447358870
761.599999999855,-1.119919078311
761.649999999855,-1.115512838556
761.699999999855,-1.110232093872
761.749999999855,-1.104080984093
761.799999999855,-1.097064331374
761.849999999855,-1.089187636410
761.899999999855,-1.080457074127
761.949999999855,-1.070879488840
761.999999999855,-1.060462388883
762.049999999855,-1.049213940731
762.099999999855,-1.037142962590
762.149999999855,-1.024258917488
762.199999999855,-1.010571905858
762.249999999854,-0.996092657615
762.299999999854,-0.980832523748
762.349999999854,-0.964803467421
762.399999999854,-0.948018054593
762.449999999854,-0.930489444167
762.499999999854,-0.912231377677
762.549999999854,-0.893258168511
762.599999999854,-0.873584690694
762.649999999854,-0.853226367224
762.699999999854,-0.832199157985
762.749999999854,-0.810519547231
762.799999999854,-0.788204530667
762.849999999854,-0.765271602123
762.899999999854,-0.741738739839
762.949999999854,-0.717624392376
762.999999999854,-0.692947464146
763.049999999854,-0.667727300596
763.099999999854,-0.641983673044
763.149999999854,-0.615736763175
763.199999999854,-0.589007147221
763.249999999854,-0.561815779833
763.299999999854,-0.534183977649
763.349999999853,-0.506133402588
763.399999999853,-0.477686044864
763.449999999853,-0.448864205747
763.499999999853,-0.419690480084
763.549999999853,-0.390187738582
763.599999999853,-0.360379109877
763.649999999853,-0.330287962409
763.699999999853,-0.299937886096
763.749999999853,-0.269352673843
763.799999999853,-0.238556302890
763.849999999853,-0.207572916014
763.899999999853,-0.176426802604
763.949999999853,-0.145142379617
763.999999999853,-0.113744172439
764.049999999853,-0.082256795656
764.099999999853,-0.050704933758
764.149999999853,-0.019113321789
764.199999999853,0.012493274045
764.249999999853,0.044090075792
764.299999999853,0.075652313178
764.349999999853,0.107155243026
764.399999999853,0.138574168651
764.449999999852,0.169884459226
764.499999999852,0.201061569086
764.549999999852,0.232081056975
764.599999999852,0.262918605202
764.649999999852,0.293550038710
764.699999999852,0.323951344022
764.749999999852,0.354098688074
764.799999999852,0.383968436891
764.849999999852,0.413537174121
764.899999999852,0.442781719387
764.949999999852,0.471679146465
764.999999999852,0.500206801251
765.049999999852,0.528342319526
765.099999999852,0.556063644484
765.149999999852,0.583349044026
765.199999999852,0.610177127797
765.249999999852,0.636526863952
765.299999999852,0.662377595650
765.349999999852,0.687709057239
765.399999999852,0.712501390152
765.449999999852,0.736735158470
765.499999999852,0.760391364158
765.549999999851,0.783451461965
765.599999999851,0.805897373954
765.649999999851,0.827711503679
765.699999999851,0.848876749981
765.749999999851,0.869376520391
765.799999999851,0.889194744138
765.849999999851,0.908315884750
765.899999999851,0.926724952232
765.949999999851,0.944407514819
765.999999999851,0.961349710287
766.049999999851,0.977538256822
766.099999999851,0.992960463433
766.149999999851,1.007604239901
766.199999999851,1.021458106254
766.249999999851,1.034511201770
766.299999999851,1.046753293492
766.349999999851,1.058174784247
766.399999999851,1.068766720170
766.449999999851,1.078520797728
766.499999999851,1.087429370221
766.549999999851,1.095485453787
766.599999999851,1.102682732867
766.649999999850,1.109015565164
766.699999999850,1.114478986062
766.749999999850,1.119068712519
766.799999999850,1.122781146423
766.849999999850,1.125613377418
766.899999999850,1.127563185179
766.949999999850,1.128629041156
766.999999999850,1.128810109773
767.049999999850,1.128106249082
767.099999999850,1.126518010873
767.149999999850,1.124046640244
767.199999999850,1.120694074623
767.249999999850,1.116462942249
767.299999999850,1.111356560114
767.349999999850,1.105378931359
767.399999999850,1.098534742139
767.449999999850,1.090829357949
767.499999999850,1.082268819414
767.549999999850,1.072859837559
767.599999999850,1.062609788543
767.649999999850,1.051526707879
767.699999999850,1.039619284136
767.749999999849,1.026896852123
767.799999999849,1.013369385576
767.849999999849,0.999047489335
767.899999999849,0.983942391034
767.949999999849,0.968065932296
767.999999999849,0.951430559451
768.049999999849,0.934049313780
768.099999999849,0.915935821289
768.149999999849,0.897104282029
768.199999999849,0.877569458960
768.249999999849,0.857346666386
768.299999999849,0.836451757938
768.349999999849,0.814901114154
768.399999999849,0.792711629637
768.449999999849,0.769900699804
768.499999999849,0.746486207258
768.549999999849,0.722486507759
768.599999999849,0.697920415845
768.649999999849,0.672807190072
768.699999999849,0.647166517923
768.749999999849,0.621018500372
768.799999999849,0.594383636125
768.849999999848,0.567282805552
768.899999999848,0.539737254315
768.949999999848,0.511768576717
768.999999999848,0.483398698767
769.049999999848,0.454649860997
769.099999999848,0.425544601023
769.149999999848,0.396105735878
769.199999999848,0.366356344125
769.249999999848,0.336319747762
769.299999999848,0.306019493944
769.349999999848,0.275479336517
769.399999999848,0.244723217400
769.449999999848,0.213775247816
769.499999999848,0.182659689386
769.549999999848,0.151400935116
769.599999999848,0.120023490268
769.649999999848,0.088551953151
769.699999999848,0.057010995838
769.749999999848,0.025425344825
769.799999999848,-0.006180238356
769.849999999848,-0.037780976548
769.899999999848,-0.069352096388
769.949999999847,-0.100868847737
769.999999999847,-0.132306523077
770.049999999847,-0.163640476878
770.099999999847,-0.194846144928
770.149999999847,-0.225899063580
770.199999999847,-0.256774888937
770.249999999847,-0.287449415933
770.299999999847,-0.317898597309
770.349999999847,-0.348098562469
770.399999999847,-0.378025636185
770.449999999847,-0.407656357164
770.499999999847,-0.436967496440
770.549999999847,-0.465936075580
770.599999999847,-0.494539384702
770.649999999847,-0.522755000277
770.699999999847,-0.550560802707
770.749999999847,-0.577934993667
770.799999999847,-0.604856113195
770.849999999847,-0.631303056510
770.899999999847,-0.657255090564
770.949999999847,-0.682691870292
770.999999999847,-0.707593454561
771.049999999846,-0.731940321805
771.099999999846,-0.755713385326
771.149999999846,-0.778894008261
771.199999999846,-0.801464018188
771.249999999846,-0.823405721376
771.299999999846,-0.844701916653
771.349999999846,-0.865335908893
771.399999999846,-0.885291522104
771.449999999846,-0.904553112105
771.499999999846,-0.923105578798
771.549999999846,-0.940934377998
771.599999999846,-0.958025532841
771.649999999846,-0.974365644736
771.699999999846,-0.989941903873
771.749999999846,-1.004742099262
771.799999999846,-1.018754628308
771.849999999846,-1.031968505905
771.899999999846,-1.044373373052
771.949999999846,-1.055959504967
771.999999999846,-1.066717818717
772.049999999846,-1.076639880333
772.099999999846,-1.085717911429
772.149999999845,-1.093944795293
772.199999999845,-1.101314082470
772.249999999845,-1.107819995815
772.299999999845,-1.113457435025
772.349999999845,-1.118221980638
772.399999999845,-1.122109897494
772.449999999845,-1.125118137664
772.499999999845,-1.127244342843
772.549999999845,-1.128486846195
772.599999999845,-1.128844673660
772.649999999845,-1.128317544721
772.699999999845,-1.126905872619
772.749999999845,-1.124610764033
772.799999999845,-1.121434018210
772.849999999845,-1.117378125557
772.899999999845,-1.112446265686
772.949999999845,-1.106642304922
772.999999999845,-1.099970793273
773.049999999845,-1.092436960863
773.099999999845,-1.084046713830
773.149999999845,-1.074806629698
773.199999999845,-1.064723952220
773.249999999844,-1.053806585698
773.299999999844,-1.042063088790
773.349999999844,-1.029502667794
773.399999999844,-1.016135169438
773.449999999844,-1.001971073156
773.499999999844,-0.987021482873
773.549999999844,-0.971298118303
773.599999999844,-0.954813305757
773.649999999844,-0.937579968486
773.699999999844,-0.919611616542
773.749999999844,-0.900922336194
773.799999999844,-0.881526778879
773.849999999844,-0.861440149721
773.899999999844,-0.840678195609
773.949999999844,-0.819257192851
773.999999999844,-0.797193934416
774.049999999844,-0.774505716769
774.099999999844,-0.751210326310
774.149999999844,-0.727326025432
774.199999999844,-0.702871538204
774.249999999844,-0.677866035691
774.299999999844,-0.652329120926
774.349999999843,-0.626280813543
774.399999999843,-0.599741534080
774.449999999843,-0.572732087974
774.499999999843,-0.545273649245
774.549999999843,-0.517387743905
774.599999999843,-0.489096233073
774.649999999843,-0.460421295847
774.699999999843,-0.431385411907
774.749999999843,-0.402011343900
774.799999999843,-0.372322119591
774.849999999843,-0.342341013810
774.899999999843,-0.312091530209
774.949999999843,-0.281597382833
774.999999999843,-0.250882477533
775.049999999843,-0.219970893221
775.099999999843,-0.188886862995
775.149999999843,-0.157654755144
775.199999999843,-0.126299054039
775.249999999843,-0.094844340945
775.299999999843,-0.063315274746
775.349999999843,-0.031736572615
775.399999999843,-0.000132990636
775.449999999842,0.031470695601
775.499999999842,0.063049710425
775.549999999842,0.094579297505
775.599999999842,0.126034739259
775.649999999842,0.157391376234
775.699999999842,0.188624626432
775.749999999842,0.219710004583
775.799999999842,0.250623141345
775.849999999842,0.281339802401
775.899999999842,0.311835907462
775.949999999842,0.342087549143
775.999999999842,0.372071011708
776.049999999842,0.401762789658
776.099999999842,0.431139606158
776.149999999842,0.460178431290
776.199999999842,0.488856500102
776.249999999842,0.517151330458
776.299999999842,0.545040740659
776.349999999842,0.572502866836
776.399999999842,0.599516180089
776.449999999842,0.626059503364
776.499999999842,0.652112028056
776.549999999841,0.677653330318
776.599999999841,0.702663387079
776.649999999841,0.727122591735
776.699999999841,0.751011769522
776.749999999841,0.774312192549
776.799999999841,0.797005594477
776.849999999841,0.819074184841
776.899999999841,0.840500662998
776.949999999841,0.861268231685
776.999999999841,0.881360610193
777.049999999841,0.900762047126
777.099999999841,0.919457332751
777.149999999841,0.937431810921
777.199999999841,0.954671390567
777.249999999841,0.971162556741
777.299999999841,0.986892381214
777.349999999841,1.001848532608
777.399999999841,1.016019286067
777.449999999841,1.029393532447
777.499999999841,1.041960787023
777.549999999841,1.053711197710
777.599999999841,1.064635552790
777.649999999840,1.074725288128
777.699999999840,1.083972493886
777.749999999840,1.092369920731
777.799999999840,1.099910985509
777.849999999840,1.106589776412
777.899999999840,1.112401057609
777.949999999840,1.117340273355
777.999999999840,1.121403551556
778.049999999840,1.124587706812
778.099999999840,1.126890242906
778.149999999840,1.128309354769
778.199999999840,1.128843929891
778.249999999840,1.128493549190
778.299999999840,1.127258487349
778.349999999840,1.125139712591
778.399999999840,1.122138885929
778.449999999840,1.118258359856
778.499999999840,1.113501176506
778.549999999840,1.107871065267
778.599999999840,1.101372439858
778.649999999840,1.094010394869
778.699999999840,1.085790701765
778.749999999839,1.076719804365
778.799999999839,1.066804813788
778.849999999839,1.056053502879
778.899999999839,1.044474300115
778.949999999839,1.032076282997
778.999999999839,1.018869170937
779.049999999839,1.004863317633
779.099999999839,0.990069702957
779.149999999839,0.974499924345
779.199999999839,0.958166187706
779.249999999839,0.941081297854
779.299999999839,0.923258648466
779.349999999839,0.904712211587
779.399999999839,0.885456526674
779.449999999839,0.865506689196
779.499999999839,0.844878338806
779.549999999839,0.823587647073
779.599999999839,0.801651304808
779.649999999839,0.779086508981
779.699999999839,0.755910949236
779.749999999839,0.732142794025
779.799999999839,0.707800676363
779.849999999838,0.682903679225
779.899999999838,0.657471320580
779.949999999838,0.631523538096
779.999999999838,0.605080673505
780.049999999838,0.578163456657
780.099999999838,0.550792989273
780.149999999838,0.522990728398
780.199999999838,0.494778469578
780.249999999838,0.466178329782
780.299999999838,0.437212730052
780.349999999838,0.407904377936
780.399999999838,0.378276249680
780.449999999838,0.348351572221
780.499999999838,0.318153804971
780.549999999838,0.287706621433
780.599999999838,0.257033890641
780.649999999838,0.226159658444
780.699999999838,0.195108128659
780.749999999838,0.163903644094
780.799999999838,0.132570667467
780.849999999838,0.101133762227
780.899999999838,0.069617573298
780.949999999837,0.038046807757
780.999999999837,0.006446215468
781.049999999837,-0.025159430324
781.099999999837,-0.056745352412
781.149999999837,-0.088286789049
781.199999999837,-0.119759013366
781.249999999837,-0.151137352751
781.299999999837,-0.182397208192
781.349999999837,-0.213514073565
781.399999999837,-0.244463554840
781.449999999837,-0.275221389209
781.499999999837,-0.305763464107
781.549999999837,-0.336065836109
781.599999999837,-0.366104749709
781.649999999837,-0.395856655938
781.699999999837,-0.425298230824
781.749999999837,-0.454406393680
781.799999999837,-0.483158325199
781.849999999837,-0.511531485338
781.899999999837,-0.539503630994
781.949999999837,-0.567052833436
781.999999999837,-0.594157495501
782.049999999836,-0.620796368522
782.099999999836,-0.646948568988
782.149999999836,-0.672593594912
782.199999999836,-0.697711341908
782.249999999836,-0.722282118948
782.299999999836,-0.746286663803
782.349999999836,-0.769706158138
782.399999999836,-0.792522242270
782.449999999836,-0.814717029556
782.499999999836,-0.836273120422
782.549999999836,-0.857173615994
782.599999999836,-0.877402131356
782.649999999836,-0.896942808388
782.699999999836,-0.915780328200
782.749999999836,-0.933899923140
782.799999999836,-0.951287388375
782.849999999836,-0.967929093022
782.899999999836,-0.983811990838
782.949999999836,-0.998923630444
782.999999999836,-1.013252165088
783.049999999836,-1.026786361934
783.099999999836,-1.039515610864
783.149999999835,-1.051429932799
783.199999999835,-1.062519987521
783.249999999835,-1.072777080995
783.299999999835,-1.082193172185
783.349999999835,-1.090760879358
783.399999999835,-1.098473485870
783.449999999835,-1.105324945434
783.499999999835,-1.111309886855
783.549999999835,-1.116423618245
783.599999999835,-1.120662130703
783.649999999835,-1.124022101450
783.699999999835,-1.126500896442
783.749999999835,-1.128096572431
783.799999999835,-1.128807878488
783.849999999835,-1.128634256985
783.899999999835,-1.127575844034
783.949999999835,-1.125633469376
783.999999999835,-1.122808655732
784.049999999835,-1.119103617613
784.099999999835,-1.114521259578
784.149999999835,-1.109065173961
784.199999999835,-1.102739638055
784.249999999834,-1.095549610754
784.299999999834,-1.087500728672
784.349999999834,-1.078599301721
784.399999999834,-1.068852308164
784.449999999834,-1.058267389143
784.499999999834,-1.046852842694
784.549999999834,-1.034617617235
784.599999999834,-1.021571304558
784.649999999834,-1.007724132303
784.699999999834,-0.993086955944
784.749999999834,-0.977671250278
784.799999999834,-0.961489100427
784.849999999834,-0.944553192370
784.899999999834,-0.926876802989
784.949999999834,-0.908473789670
784.999999999834,-0.889358579431
785.049999999834,-0.869546157619
785.099999999834,-0.849052056158
785.149999999834,-0.827892341373
785.199999999834,-0.806083601397
785.249999999834,-0.783642933166
785.299999999834,-0.760587929013
785.349999999833,-0.736936662880
785.399999999833,-0.712707676150
785.449999999833,-0.687919963107
785.499999999833,-0.662592956048
785.549999999833,-0.636746510050
785.599999999833,-0.610400887401
785.649999999833,-0.583576741722
785.699999999833,-0.556295101768
785.749999999833,-0.528577354948
785.799999999833,-0.500445230555
785.849999999833,-0.471920782734
785.899999999833,-0.443026373191
785.949999999833,-0.413784653664
785.999999999833,-0.384218548162
786.049999999833,-0.354351234998
786.099999999833,-0.324206128615
786.149999999833,-0.293806861234
786.199999999833,-0.263177264322
786.249999999833,-0.232341349915
786.299999999833,-0.201323291790
786.349999999833,-0.170147406516
786.399999999833,-0.138838134391
786.449999999832,-0.107420020279
786.499999999832,-0.075917694373
786.549999999832,-0.044355852884
786.599999999832,-0.012759238678
786.649999999832,0.018847378118
786.699999999832,0.050439219535
786.749999999832,0.081991519187
786.799999999832,0.113479541688
786.849999999832,0.144878602040
786.899999999832,0.176164084989
786.949999999832,0.207311464319
786.999999999832,0.238296322079
787.049999999832,0.269094367728
787.099999999832,0.299681457176
787.149999999832,0.330033611711
787.199999999832,0.360127036799
787.249999999832,0.389938140735
787.299999999832,0.419443553142
787.349999999832,0.448620143287
787.399999999832,0.477445038218
787.449999999832,0.505895640694
787.499999999832,0.533949646900
787.549999999831,0.561585063931
787.599999999831,0.588780227037
787.649999999831,0.615513816602
787.699999999831,0.641764874861
787.749999999831,0.667512822330
787.799999999831,0.692737473936
787.849999999831,0.717419054844
787.899999999831,0.741538215959
787.949999999831,0.765076049095
787.999999999831,0.788014101796
788.049999999831,0.810334391803
788.099999999831,0.832019421152
788.149999999831,0.853052189890
788.199999999831,0.873416209406
788.249999999831,0.893095515349
788.299999999831,0.912074680153
788.349999999831,0.930338825124
788.399999999831,0.947873632108
788.449999999831,0.964665354714
788.499999999831,0.980700829093
788.549999999831,0.995967484253
788.599999999831,1.010453351919
788.649999999830,1.024147075912
788.699999999830,1.037037921055
788.749999999830,1.049115781585
788.799999999830,1.060371189077
788.849999999830,1.070795319870
788.899999999830,1.080380001978
788.949999999830,1.089117721501
788.999999999830,1.097001628516
789.049999999830,1.104025542442
789.099999999830,1.110183956891
789.149999999830,1.115472043981
789.199999999830,1.119885658124
789.249999999830,1.123421339271
789.299999999830,1.126076315629
789.349999999830,1.127848505834
789.399999999830,1.128736520579
789.449999999830,1.128739663705
789.499999999830,1.127857932749
789.549999999830,1.126092018943
789.599999999830,1.123443306672
789.649999999830,1.119913872391
789.699999999830,1.115506482997
789.749999999829,1.110224593656
789.799999999829,1.104072345099
789.849999999829,1.097054560375
789.899999999829,1.089176741066
789.949999999829,1.080445062980
789.999999999829,1.070866371305
790.049999999829,1.060448175245
790.099999999829,1.049198642131
790.149999999829,1.037126591022
790.199999999829,1.024241485787
790.249999999829,1.010553427689
790.299999999829,0.996073147464
790.349999999829,0.980811996910
790.399999999829,0.964781939988
790.449999999829,0.947995543441
790.499999999829,0.930465966945
790.549999999829,0.912206952789
790.599999999829,0.893232815105
790.649999999829,0.873558428645
790.699999999829,0.853199217121
790.749999999829,0.832171141112
790.799999999829,0.810490685551
790.849999999828,0.788174846807
790.899999999828,0.765241119353
790.949999999828,0.741707482057
790.999999999828,0.717592384086
791.049999999828,0.692914730440
791.099999999828,0.667693867137
791.149999999828,0.641949566041
791.199999999828,0.615702009367
791.249999999828,0.588971773853
791.299999999828,0.561779814635
791.349999999828,0.534147448817
791.399999999828,0.506096338759
791.449999999828,0.477648475093
791.499999999828,0.448826159487
791.549999999828,0.419651987162
791.599999999828,0.390148829173
791.649999999828,0.360339814486
791.699999999828,0.330248311840
791.749999999828,0.299897911434
791.799999999828,0.269312406425
791.849999999828,0.238515774284
791.899999999828,0.207532157993
791.949999999827,0.176385847120
791.999999999827,0.145101258777
792.049999999827,0.113702918480
792.099999999827,0.082215440918
792.149999999827,0.050663510661
792.199999999827,0.019071862808
792.249999999827,-0.012534736410
792.299999999827,-0.044131509036
792.349999999827,-0.075693684819
792.399999999827,-0.107196520631
792.449999999827,-0.138615319861
792.499999999827,-0.169925451780
792.549999999827,-0.201102370848
792.599999999827,-0.232121635959
792.649999999827,-0.262958929595
792.699999999827,-0.293590076900
792.749999999827,-0.323991064623
792.799999999827,-0.354138059945
792.849999999827,-0.384007429167
792.899999999827,-0.413575756234
792.949999999827,-0.442819861091
792.999999999827,-0.471716817858
793.049999999826,-0.500243972802
793.099999999826,-0.528378962093
793.149999999826,-0.556099729342
793.199999999826,-0.583384542886
793.249999999826,-0.610212012829
793.299999999826,-0.636561107810
793.349999999826,-0.662411171487
793.399999999826,-0.687741938733
793.449999999826,-0.712533551527
793.499999999826,-0.736766574511
793.549999999826,-0.760422010239
793.599999999826,-0.783481314059
793.649999999826,-0.805926408659
793.699999999826,-0.827739698234
793.749999999826,-0.848904082282
793.799999999826,-0.869402969011
793.849999999826,-0.889220288343
793.899999999826,-0.908340504515
793.949999999826,-0.926748628256
793.999999999826,-0.944430228541
794.049999999826,-0.961371443900
794.099999999826,-0.977558993289
794.149999999825,-0.992980186498
794.199999999825,-1.007622934101
794.249999999825,-1.021475756934
794.299999999825,-1.034527795093
794.349999999825,-1.046768816450
794.399999999825,-1.058189224670
794.449999999825,-1.068780066738
794.499999999825,-1.078533039977
794.549999999825,-1.087440498555
794.599999999825,-1.095495459481
794.649999999825,-1.102691608078
794.699999999825,-1.109023302934
794.749999999825,-1.114485580325
794.799999999825,-1.119074158105
794.849999999825,-1.122785439064
794.899999999825,-1.125616513747
794.949999999825,-1.127565162738
794.999999999825,-1.128629858396
795.049999999825,-1.128809766052
795.099999999825,-1.128104744670
795.149999999825,-1.126515346949
795.199999999825,-1.124042818897
795.249999999824,-1.120689098848
795.299999999824,-1.116456815947
795.349999999824,-1.111349288087
795.399999999824,-1.105370519309
795.449999999824,-1.098525196661
795.499999999824,-1.090818686525
795.549999999824,-1.082257030410
795.599999999824,-1.072846940217
795.649999999824,-1.062595792974
795.699999999824,-1.051511625055
795.749999999824,-1.039603125881
795.799999999824,-1.026879631105
795.849999999824,-1.013351115294
795.899999999824,-0.999028184113
795.949999999824,-0.983922066006
795.999999999824,-0.968044603396
796.049999999824,-0.951408243400
796.099999999824,-0.934026028072
796.149999999824,-0.915911584178
796.199999999824,-0.897079112516
796.249999999824,-0.877543376778
796.299999999824,-0.857319691981
796.349999999823,-0.836423912457
796.399999999823,-0.814872419427
796.449999999823,-0.792682108158
796.499999999823,-0.769870374717
796.549999999823,-0.746455102336
796.599999999823,-0.722454647387
796.649999999823,-0.697887824999
796.699999999823,-0.672773894302
796.749999999823,-0.647132543332
796.799999999823,-0.620983873594
796.849999999823,-0.594348384305
796.899999999823,-0.567246956326
796.949999999823,-0.539700835787
796.999999999823,-0.511731617437
797.049999999823,-0.483361227709
797.099999999823,-0.454611907537
797.149999999823,-0.425506194915
797.199999999823,-0.396066907230
797.249999999823,-0.366317123376
797.299999999823,-0.336280165660
797.349999999823,-0.305979581519
797.399999999823,-0.275439125058
797.449999999822,-0.244682738431
797.499999999822,-0.213734533070
797.549999999822,-0.182618770782
797.599999999822,-0.151359844732
797.649999999822,-0.119982260316
797.699999999822,-0.088510615953
797.749999999822,-0.056969583801
797.799999999822,-0.025383890414
797.849999999822,0.006221702644
797.899999999822,0.037822418205
797.949999999822,0.069393482928
797.999999999822,0.100910146714
798.049999999822,0.132347702114
798.099999999822,0.163681503695
798.149999999822,0.194886987360
798.199999999822,0.225939689609
798.249999999822,0.256815266714
798.299999999822,0.287489513805
798.349999999822,0.317938383841
798.399999999822,0.348138006470
798.449999999822,0.378064706733
798.499999999822,0.407695023630
798.549999999821,0.437005728511
798.599999999821,0.465973843285
798.649999999821,0.494576658432
798.699999999821,0.522791750812
798.749999999821,0.550597001236
798.799999999821,0.577970611813
798.849999999821,0.604891123033
798.899999999821,0.631337430596
798.949999999821,0.657288801950
798.999999999821,0.682724892550
799.049999999821,0.707625761804
799.099999999821,0.731971888704
799.149999999821,0.755744187136
799.199999999821,0.778924020834
799.249999999821,0.801493217996
799.299999999821,0.823434085528
799.349999999821,0.844729422913
799.399999999821,0.865362535697
799.449999999821,0.885317248578
799.499999999821,0.904577918081
799.549999999821,0.923129444829
799.599999999821,0.940957285375
799.649999999820,0.958047463605
799.699999999820,0.974386581695
799.749999999820,0.989961830613
799.799999999820,1.004761000162
799.849999999820,1.018772488550
799.899999999820,1.031985311489
799.949999999820,1.044389110801
799.999999999820,1.055974162545
800.049999999820,1.066731384632
800.099999999820,1.076652343952
800.149999999820,1.085729262980
800.199999999820,1.093955025877
800.249999999820,1.101323184066
800.299999999820,1.107827961288
800.349999999820,1.113464258132
800.399999999820,1.118227656029
800.449999999820,1.122114420719
800.499999999820,1.125121505178
800.549999999820,1.127246552006
800.599999999820,1.128487895275
800.649999999820,1.128844561834
800.699999999820,1.128316272077
800.749999999819,1.126903440155
800.799999999819,1.124607173656
800.849999999819,1.121429272735
800.899999999819,1.117372228703
800.949999999819,1.112439222077
800.999999999819,1.106634120079
801.049999999819,1.099961473613
801.099999999819,1.092426513692
801.149999999819,1.084035147337
801.199999999819,1.074793952952
801.249999999819,1.064710175159
801.299999999819,1.053791719122
801.349999999819,1.042047144354
801.399999999819,1.029485657997
801.449999999819,1.016117107615
801.499999999819,1.001951973466
801.549999999819,0.987001360290
801.599999999819,0.971276988602
801.649999999819,0.954791185503
801.699999999819,0.937556875019
801.749999999819,0.919587567967
801.799999999819,0.900897351363
801.849999999818,0.881500877380
801.899999999818,0.861413351859
801.949999999818,0.840650522392
801.999999999818,0.819228665973
802.049999999818,0.797164576241
802.099999999818,0.774475550312
802.149999999818,0.751179375221
802.199999999818,0.727294313974
802.249999999818,0.702839091238
802.299999999818,0.677832878653
802.349999999818,0.652295279810
802.399999999818,0.626246314878
802.449999999818,0.599706404912
802.499999999818,0.572696355841
802.549999999818,0.545237342161
802.599999999818,0.517350890331
802.649999999818,0.489058861902
802.699999999818,0.460383436375
802.749999999818,0.431347093815
802.799999999818,0.401972597227
802.849999999818,0.372282974712
802.899999999818,0.342301501412
802.949999999817,0.312051681269
802.999999999817,0.281557228590
803.049999999817,0.250842049466
803.099999999817,0.219930223023
803.149999999817,0.188845982550
803.199999999817,0.157613696499
803.249999999817,0.126257849384
803.299999999817,0.094803022581
803.349999999817,0.063273875064
803.399999999817,0.031695124071
803.449999999817,0.000091525723
803.499999999817,-0.031512144376
803.549999999817,-0.063091110568
803.599999999817,-0.094620616561
803.649999999817,-0.126075944837
803.699999999817,-0.157432436029
803.749999999817,-0.188665508256
803.799999999817,-0.219750676388
803.849999999817,-0.250663571244
803.899999999817,-0.281379958700
803.949999999817,-0.311875758681
803.999999999817,-0.342127064041
804.049999999816,-0.372110159307
804.099999999816,-0.401801539267
804.149999999816,-0.431177927401
804.199999999816,-0.460216294125
804.249999999816,-0.488893874846
804.299999999816,-0.517188187810
804.349999999816,-0.545077051726
804.399999999816,-0.572538603152
804.449999999816,-0.599551313639
804.499999999816,-0.626094006604
804.549999999816,-0.652145873937
804.599999999816,-0.677686492308
804.649999999816,-0.702695839180
804.699999999816,-0.727154308506
804.749999999816,-0.751042726099
804.799999999816,-0.774342364663
804.849999999816,-0.797034958475
804.899999999816,-0.819102717704
804.949999999816,-0.840528342356
804.999999999816,-0.861295035840
805.049999999816,-0.881386518132
805.099999999816,-0.900787038537
805.149999999815,-0.919481388043
805.199999999815,-0.937454911237
805.249999999815,-0.954693517796
805.299999999815,-0.971183693537
805.349999999815,-0.986912511007
805.399999999815,-1.001867639617
805.449999999815,-1.016037355313
805.499999999815,-1.029410549765
805.549999999815,-1.041976739071
805.599999999815,-1.053726071985
805.649999999815,-1.064649337630
805.699999999815,-1.074737972725
805.749999999815,-1.083984068298
805.799999999815,-1.092380375883
805.849999999815,-1.099920313205
805.899999999815,-1.106597969339
805.949999999815,-1.112408109345
805.999999999815,-1.117346178372
806.049999999815,-1.121408305224
806.099999999815,-1.124591305404
806.149999999815,-1.126892683602
806.199999999815,-1.128310635656
806.249999999814,-1.128844049963
806.299999999814,-1.128492508355
806.349999999814,-1.127256286421
806.399999999814,-1.125136353297
806.449999999814,-1.122134370902
806.499999999814,-1.118252692635
806.549999999814,-1.113494361534
806.599999999814,-1.107863107887
806.649999999814,-1.101363346308
806.699999999814,-1.094000172278
806.749999999814,-1.085779358147
806.799999999814,-1.076707348612
806.849999999814,-1.066791255666
806.899999999814,-1.056038853016
806.949999999814,-1.044458569996
806.999999999814,-1.032059484954
807.049999999814,-1.018851318137
807.099999999814,-1.004844424073
807.149999999814,-0.990049783449
807.199999999814,-0.974478994505
807.249999999814,-0.958144263941
807.299999999814,-0.941058397351
807.349999999813,-0.923234789179
807.399999999813,-0.904687412220
807.449999999813,-0.885430806668
807.499999999813,-0.865480068715
807.549999999813,-0.844850838718
807.599999999813,-0.823559288937
807.649999999813,-0.801622110856
807.699999999813,-0.779056502099
807.749999999813,-0.755880152948
807.799999999813,-0.732111232473
807.849999999813,-0.707768374291
807.899999999813,-0.682870661955
807.949999999813,-0.657437613996
807.999999999813,-0.631489168623
808.049999999813,-0.605045668085
808.099999999813,-0.578127842735
808.149999999813,-0.550756794768
808.199999999813,-0.522953981683
808.249999999813,-0.494741199462
808.299999999813,-0.466140565482
808.349999999813,-0.437174501174
808.399999999813,-0.407865714449
808.449999999812,-0.378237181895
808.499999999812,-0.348312130763
808.549999999812,-0.318114020762
808.599999999812,-0.287666525662
808.649999999812,-0.256993514740
808.699999999812,-0.226119034066
808.749999999812,-0.195067287651
808.799999999812,-0.163862618474
808.849999999812,-0.132529489397
808.899999999812,-0.101092463989
808.949999999812,-0.069576187266
808.999999999812,-0.038005366377
809.049999999812,-0.006404751227
809.099999999812,0.025200884920
809.149999999812,0.056786764864
809.199999999812,0.088328126893
809.249999999812,0.119800244195
809.299999999812,0.151178444241
809.349999999812,0.182438128130
809.399999999812,0.213554789872
809.449999999812,0.244504035596
809.499999999812,0.275261602680
809.549999999811,0.305803378767
809.599999999811,0.336105420667
809.649999999811,0.366143973134
809.699999999811,0.395895487479
809.749999999811,0.425336640040
809.799999999811,0.454444350460
809.849999999811,0.483195799787
809.899999999811,0.511568448356
809.949999999811,0.539540053464
809.999999999811,0.567088686805
810.049999999811,0.594192751662
810.099999999811,0.620830999836
810.149999999811,0.646982548306
810.199999999811,0.672626895596
810.249999999811,0.697743937851
810.299999999811,0.722313984598
810.349999999811,0.746317774178
810.399999999811,0.769736488850
810.449999999811,0.792551769540
810.499999999811,0.814745730237
810.549999999811,0.836300972013
810.599999999811,0.857200596662
810.649999999810,0.877428219949
810.699999999810,0.896967984454
810.749999999810,0.915804572001
810.799999999810,0.933923215672
810.849999999810,0.951309711377
810.899999999810,0.967950428994
810.949999999810,0.983832323054
810.999999999810,0.998942942964
811.049999999810,1.013270442773
811.099999999810,1.026803590454
811.149999999810,1.039531776713
811.199999999810,1.051445023304
811.249999999810,1.062533990852
811.299999999810,1.072789986174
811.349999999810,1.082204969095
811.399999999810,1.090771558751
811.449999999810,1.098483039374
811.499999999810,1.105333365559
811.549999999810,1.111317167000
811.599999999810,1.116429752704
811.649999999810,1.120667114665
811.699999999810,1.124025931009
811.749999999809,1.126503568596
811.799999999809,1.128098085084
811.849999999809,1.128808230455
811.899999999809,1.128633447991
811.949999999809,1.127573874712
811.999999999809,1.125630341270
812.049999999809,1.122804371295
812.099999999809,1.119098180202
812.149999999809,1.114514673457
812.199999999809,1.109057444293
812.249999999809,1.102730770899
812.299999999809,1.095539613062
812.349999999809,1.087489608283
812.399999999809,1.078587067351
812.449999999809,1.068838969404
812.499999999809,1.058252956451
812.549999999809,1.046837327384
812.599999999809,1.034601031471
812.649999999809,1.021553661341
812.699999999809,1.007705445465
812.749999999809,0.993067240135
812.799999999809,0.977650520953
812.849999999808,0.961467373838
812.899999999808,0.944530485548
812.949999999808,0.926853133737
812.999999999808,0.908449176542
813.049999999808,0.889333041723
813.099999999808,0.869519715351
813.149999999808,0.849024730059
813.199999999808,0.827864152866
813.249999999808,0.806054572581
813.299999999808,0.783613086796
813.349999999808,0.760557288488
813.399999999808,0.736905252222
813.449999999808,0.712675519982
813.499999999808,0.687887086638
813.549999999808,0.662559385051
813.599999999808,0.636712270843
813.649999999808,0.610366006827
813.699999999808,0.583541247124
813.749999999808,0.556259020973
813.799999999808,0.528540716241
813.849999999808,0.500408062659
813.899999999808,0.471883114787
813.949999999807,0.442988234723
813.999999999807,0.413746074572
814.049999999807,0.384179558692
814.099999999807,0.354311865715
814.149999999807,0.324166410383
814.199999999807,0.293766825189
814.249999999807,0.263136941851
814.299999999807,0.232300772628
814.349999999807,0.201282491498
814.399999999807,0.170106415204
814.449999999807,0.138796984194
814.499999999807,0.107378743457
814.549999999807,0.075876323286
814.599999999807,0.044314419963
814.649999999807,0.012717776405
814.699999999807,-0.018888837239
814.749999999807,-0.050480643001
814.799999999807,-0.082032874525
814.849999999807,-0.113520796477
814.899999999807,-0.144919723940
814.949999999807,-0.176205041761
814.999999999807,-0.207352223855
815.049999999806,-0.238336852426
815.099999999806,-0.269134637112
815.149999999806,-0.299721434028
815.199999999806,-0.330073264692
815.249999999806,-0.360166334822
815.299999999806,-0.389977052993
815.349999999806,-0.419482049130
815.399999999806,-0.448658192826
815.449999999806,-0.477482611479
815.499999999806,-0.505932708221
815.549999999806,-0.533986179634
815.599999999806,-0.561621033232
815.649999999806,-0.588815604707
815.699999999806,-0.615548574907
815.749999999806,-0.641798986553
815.799999999806,-0.667546260666
815.849999999806,-0.692770212702
815.899999999806,-0.717451068376
815.949999999806,-0.741569479160
815.999999999806,-0.765106537455
816.049999999806,-0.788043791413
816.099999999806,-0.810363259403
816.149999999805,-0.832047444104
816.199999999805,-0.853079346227
816.249999999805,-0.873442477836
816.299999999805,-0.893120875281
816.349999999805,-0.912099111705
816.399999999805,-0.930362309144
816.449999999805,-0.947896150185
816.499999999805,-0.964686889195
816.549999999805,-0.980721363096
816.599999999805,-0.995987001681
816.649999999805,-1.010471837471
816.699999999805,-1.024164515096
816.749999999805,-1.037054300200
816.799999999805,-1.049131087850
816.849999999805,-1.060385410463
816.899999999805,-1.070808445228
816.949999999805,-1.080392021018
816.999999999805,-1.089128624802
817.049999999805,-1.097011407529
817.099999999805,-1.104034189501
817.149999999805,-1.110191465218
817.199999999805,-1.115478407690
817.249999999804,-1.119890872225
817.299999999804,-1.123425399677
817.349999999804,-1.126079219157
817.399999999804,-1.127850250207
817.449999999804,-1.128737104430
817.499999999804,-1.128739086577
817.549999999804,-1.127856195094
817.599999999804,-1.126089122122
817.649999999804,-1.123439252957
817.699999999804,-1.119908664961
817.749999999804,-1.115500125933
817.799999999804,-1.110217091942
817.849999999804,-1.104063704616
817.899999999804,-1.097044787896
817.949999999804,-1.089165844253
817.999999999804,-1.080433050375
818.049999999804,-1.070853252325
818.099999999804,-1.060433960175
818.149999999804,-1.049183342115
818.199999999804,-1.037110218054
818.249999999804,-1.024224052704
818.299999999804,-1.010534948156
818.349999999803,-0.996053635969
818.399999999803,-0.980791468749
818.449999999803,-0.964760411253
818.499999999803,-0.947973031011
818.549999999803,-0.930442488467
818.599999999803,-0.912182526669
818.649999999803,-0.893207460493
818.699999999803,-0.873532165417
818.749999999803,-0.853172065866
818.799999999803,-0.832143123115
818.849999999803,-0.810461822778
818.899999999803,-0.788145161884
818.949999999803,-0.765210635551
818.999999999803,-0.741676223275
819.049999999803,-0.717560374827
819.099999999803,-0.692881995800
819.149999999803,-0.667660432777
819.199999999803,-0.641915458173
819.249999999803,-0.615667254728
819.299999999803,-0.588936399690
819.349999999803,-0.561743848680
819.399999999803,-0.534110919265
819.449999999802,-0.506059274246
819.499999999802,-0.477610904677
819.549999999802,-0.448788112622
819.599999999802,-0.419613493673
819.649999999802,-0.390109919238
819.699999999802,-0.360300518608
819.749999999802,-0.330208660826
819.799999999802,-0.299857936367
819.849999999802,-0.269272138644
819.899999999802,-0.238475245357
819.949999999802,-0.207491399693
819.999999999802,-0.176344891398
820.049999999802,-0.145060137742
820.099999999802,-0.113661664367
820.149999999802,-0.082174086069
820.199999999802,-0.050622087496
820.249999999802,-0.019030403800
820.299999999802,0.012576198758
820.349999999802,0.044172942220
820.399999999802,0.075735056358
820.449999999802,0.107237798091
820.499999999802,0.138656470884
820.549999999801,0.169966444105
820.599999999801,0.201143172339
820.649999999801,0.232162214629
820.699999999801,0.262999253634
820.749999999801,0.293630114695
820.799999999801,0.324030784786
820.849999999801,0.354177431338
820.899999999801,0.384046420925
820.949999999801,0.413614337789
820.999999999801,0.442858002198
821.049999999801,0.471754488616
821.099999999801,0.500281143678
821.149999999801,0.528415603948
821.199999999801,0.556135813450
821.249999999801,0.583420040959
821.299999999801,0.610246897039
821.349999999801,0.636595350809
821.399999999801,0.662444746430
821.449999999801,0.687774819300
821.499999999801,0.712565711940
821.549999999801,0.736797989559
821.599999999801,0.760452655293
821.649999999800,0.783511165096
821.699999999800,0.805955442276
821.749999999800,0.827767891671
821.799999999800,0.848931413438
821.849999999800,0.869429416458
821.899999999800,0.889245831348
821.949999999800,0.908365123054
821.999999999800,0.926772303029
822.049999999800,0.944452940988
822.099999999800,0.961393176216
822.149999999800,0.977579728437
822.199999999800,0.992999908222
822.249999999800,1.007641626941
822.299999999800,1.021493406235
822.349999999800,1.034544387020
822.399999999800,1.046784337995
822.449999999800,1.058203663665
822.499999999800,1.068793411864
822.549999999800,1.078545280772
822.599999999800,1.087451625422
822.649999999800,1.095505463698
822.699999999800,1.102700481802
822.749999999799,1.109031039208
822.799999999799,1.114492173085
822.849999999799,1.119079602181
822.899999999799,1.122789730189
822.949999999799,1.125619648558
822.999999999799,1.127567138777
823.049999999799,1.128630674112
823.099999999799,1.128809420808
823.149999999799,1.128103238736
823.199999999799,1.126512681505
823.249999999799,1.124038996033
823.299999999799,1.120684121560
823.349999999799,1.116450688138
823.399999999799,1.111342014561
823.449999999799,1.105362105768
823.499999999799,1.098515649700
823.549999999799,1.090808013629
823.599999999799,1.082245239946
823.649999999799,1.072834041428
823.699999999799,1.062581795972
823.749999999799,1.051496540813
823.799999999799,1.039586966224
823.849999999798,1.026862408701
823.899999999798,1.013332843645
823.949999999798,0.999008877543
823.999999999798,0.983901739650
824.049999999798,0.968023273189
824.099999999798,0.951385926064
824.149999999798,0.934002741103
824.199999999798,0.915887345832
824.249999999798,0.897053941794
824.299999999798,0.877517293412
824.349999999798,0.857292716419
824.399999999798,0.836396065847
824.449999999798,0.814843723600
824.499999999798,0.792652585609
824.549999999798,0.769840048591
824.599999999798,0.746423996406
824.649999999798,0.722422786040
824.699999999798,0.697855233212
824.749999999798,0.672740597625
824.799999999798,0.647098567868
824.849999999798,0.620949245978
824.899999999798,0.594313131683
824.949999999797,0.567211106335
824.999999999797,0.539664416531
825.049999999797,0.511694657467
825.099999999797,0.483323756000
825.149999999797,0.454573953464
825.199999999797,0.425467788232
825.249999999797,0.396028078047
825.299999999797,0.366277902133
825.349999999797,0.336240583104
825.399999999797,0.305939668681
825.449999999797,0.275398913227
825.499999999797,0.244642259131
825.549999999797,0.213693818035
825.599999999797,0.182577851931
825.649999999797,0.151318754143
825.699999999797,0.119941030202
825.749999999797,0.088469278636
825.799999999797,0.056928171688
825.849999999797,0.025342435969
825.899999999797,-0.006263166922
825.949999999797,-0.037863859811
825.999999999797,-0.069434869374
826.049999999796,-0.100951445555
826.099999999796,-0.132388880973
826.149999999796,-0.163722530290
826.199999999796,-0.194927829529
826.249999999796,-0.225980315333
826.299999999796,-0.256855644146
826.349999999796,-0.287529611289
826.399999999796,-0.317978169944
826.449999999796,-0.348177450001
826.499999999796,-0.378103776771
826.549999999796,-0.407733689546
826.599999999796,-0.437043959993
826.649999999796,-0.466011610361
826.699999999796,-0.494613931495
826.749999999796,-0.522828500641
826.799999999796,-0.550633199022
826.849999999796,-0.578006229178
826.899999999796,-0.604926132056
826.949999999796,-0.631371803831
826.999999999796,-0.657322512450
827.049999999796,-0.682757913888
827.099999999796,-0.707658068092
827.149999999795,-0.732003454617
827.199999999795,-0.755774987926
827.249999999795,-0.778954032356
827.299999999795,-0.801522416723
827.349999999795,-0.823462448569
827.399999999795,-0.844756928033
827.449999999795,-0.865389161334
827.499999999795,-0.885342973857
827.549999999795,-0.904602722837
827.599999999795,-0.923153309615
827.649999999795,-0.940980191483
827.699999999795,-0.958069393077
827.749999999795,-0.974407517340
827.799999999795,-0.989981756018
827.849999999795,-1.004779899706
827.899999999795,-1.018790347418
827.949999999795,-1.032002115679
827.999999999795,-1.044404847142
828.049999999795,-1.055988818698
828.099999999795,-1.066744949109
828.149999999795,-1.076664806117
828.199999999794,-1.085740613065
828.249999999794,-1.093965254984
828.299999999794,-1.101332284176
828.349999999794,-1.107835925267
828.399999999794,-1.113471079736
828.449999999794,-1.118233329910
828.499999999794,-1.122118942430
828.549999999794,-1.125124871174
828.599999999794,-1.127248759648
828.649999999794,-1.128488942832
828.699999999794,-1.128844448486
828.749999999794,-1.128314997911
828.799999999794,-1.126901006171
828.849999999794,-1.124603581761
828.899999999794,-1.121424525746
828.949999999794,-1.117366330342
828.999999999794,-1.112432176967
829.049999999794,-1.106625933743
829.099999999794,-1.099952152469
829.149999999794,-1.092416065047
829.199999999794,-1.084023579383
829.249999999794,-1.074781274757
829.299999999793,-1.064696396661
829.349999999793,-1.053776851125
829.399999999793,-1.042031198511
829.449999999793,-1.029468646811
829.499999999793,-1.016099044421
829.549999999793,-1.001932872425
829.599999999793,-0.986981236376
829.649999999793,-0.971255857591
829.699999999793,-0.954769063961
829.749999999793,-0.937533780288
829.799999999793,-0.919563518152
829.849999999793,-0.900872365317
829.899999999793,-0.881474974691
829.949999999793,-0.861386552834
829.999999999793,-0.840622848040
830.049999999793,-0.819200137990
830.099999999793,-0.797135216991
830.149999999793,-0.774445382811
830.199999999793,-0.751148423118
830.249999999793,-0.727262601535
830.299999999793,-0.702806643323
830.349999999793,-0.677799720700
830.399999999792,-0.652261437813
830.449999999792,-0.626211815368
830.499999999792,-0.599671274934
830.549999999792,-0.572660622935
830.599999999792,-0.545201034340
830.649999999792,-0.517314036059
830.699999999792,-0.489021490071
830.749999999792,-0.460345576282
830.799999999792,-0.431308775141
830.849999999792,-0.401933850011
830.899999999792,-0.372243829330
830.949999999792,-0.342261988553
830.999999999792,-0.312011831907
831.049999999792,-0.281517073967
831.099999999792,-0.250801621060
831.149999999792,-0.219889552528
831.199999999792,-0.188805101850
831.249999999792,-0.157572637642
831.299999999792,-0.126216644558
831.349999999792,-0.094761704089
831.399999999792,-0.063232475297
831.449999999792,-0.031653675484
831.499999999791,-0.000050060810
831.549999999791,0.031553593108
831.599999999791,0.063132510626
831.649999999791,0.094661935490
831.699999999791,0.126117150244
831.749999999791,0.157473495612
831.799999999791,0.188706389826
831.849999999791,0.219791347895
831.899999999791,0.250704000805
831.949999999791,0.281420114620
831.999999999791,0.311915609480
832.049999999791,0.342166578477
832.099999999791,0.372149306403
832.149999999791,0.401840288335
832.199999999791,0.431216248062
832.249999999791,0.460254156338
832.299999999791,0.488931248930
832.349999999791,0.517225044465
832.399999999791,0.545113362058
832.449999999791,0.572574338696
832.499999999791,0.599586446379
832.549999999791,0.626128508999
832.599999999790,0.652179718939
832.649999999790,0.677719653383
832.699999999790,0.702728290332
832.749999999790,0.727186024296
832.799999999790,0.751073681662
832.849999999790,0.774372535732
832.899999999790,0.797064321398
832.949999999790,0.819131249461
832.999999999790,0.840556020580
833.049999999790,0.861321838833
833.099999999790,0.881412424881
833.149999999790,0.900812028734
833.199999999790,0.919505442096
833.249999999790,0.937478010288
833.299999999790,0.954715643738
833.349999999790,0.971204829023
833.399999999790,0.986932639468
833.449999999790,1.001886745274
833.499999999790,1.016055423189
833.549999999790,1.029427565694
833.599999999790,1.041992689714
833.649999999790,1.053740944837
833.699999999789,1.064663121032
833.749999999789,1.074750655872
833.799999999789,1.083995641247
833.849999999789,1.092390829561
833.899999999789,1.099929639416
833.949999999789,1.106606160773
833.999999999789,1.112415159581
834.049999999789,1.117352081881
834.099999999789,1.121413057379
834.149999999789,1.124594902480
834.199999999789,1.126895122778
834.249999999789,1.128311915020
834.299999999789,1.128844168513
834.349999999789,1.128491465997
834.399999999789,1.127254083973
834.449999999789,1.125132992485
834.499999999789,1.122129854360
834.549999999789,1.118247023905
834.599999999789,1.113487545060
834.649999999789,1.107855149012
834.699999999789,1.101354251272
834.749999999789,1.093989948210
834.799999999788,1.085768013063
834.849999999788,1.076694891407
834.899999999788,1.066777696104
834.949999999788,1.056024201728
834.999999999788,1.044442838467
835.049999999788,1.032042685517
835.099999999788,1.018833463963
835.149999999788,1.004825529158
835.199999999788,0.990029862605
835.249999999788,0.974458063350
835.299999999788,0.958122338884
835.349999999788,0.941035495580
835.399999999788,0.923210928646
835.449999999788,0.904662611632
835.499999999788,0.885405085467
835.549999999788,0.865453447066
835.599999999788,0.844823337490
835.649999999788,0.823530929690
835.699999999788,0.801592915822
835.749999999788,0.779026494166
835.799999999788,0.755849355640
835.849999999788,0.732079669933
835.899999999787,0.707736071263
835.949999999787,0.682837643763
835.999999999787,0.657403906525
836.049999999787,0.631454798297
836.099999999787,0.605010661850
836.149999999787,0.578092228033
836.199999999787,0.550720599519
836.249999999787,0.522917234263
836.299999999787,0.494703928678
836.349999999787,0.466102800553
836.399999999787,0.437136271706
836.449999999787,0.407827050412
836.499999999787,0.378198113599
836.549999999787,0.348272688836
836.599999999787,0.318074236124
836.649999999787,0.287626429503
836.699999999787,0.256953138493
836.749999999787,0.226078409383
836.799999999787,0.195026446381
836.849999999787,0.163821592633
836.899999999787,0.132488311148
836.949999999787,0.101051165614
836.999999999786,0.069534801141
837.049999999786,0.037963924945
837.099999999786,0.006363286977
837.149999999786,-0.025242339482
837.199999999786,-0.056828177240
837.249999999786,-0.088369464617
837.299999999786,-0.119841474861
837.349999999786,-0.151219535527
837.399999999786,-0.182479047822
837.449999999786,-0.213595505891
837.499999999786,-0.244544516023
837.549999999786,-0.275301815780
837.599999999786,-0.305843293014
837.649999999786,-0.336145004772
837.699999999786,-0.366183196064
837.749999999786,-0.395934318486
837.799999999786,-0.425375048682
837.849999999786,-0.454482306627
837.899999999786,-0.483233273723
837.949999999786,-0.511605410683
837.999999999786,-0.539576475206
838.049999999786,-0.567124539409
838.099999999785,-0.594228007022
838.149999999785,-0.620865630313
838.199999999785,-0.647016526751
838.249999999785,-0.672660195372
838.299999999785,-0.697776532854
838.349999999785,-0.722345849273
838.399999999785,-0.746348883546
838.449999999785,-0.769766818522
838.499999999785,-0.792581295740
838.549999999785,-0.814774429818
838.599999999785,-0.836328822475
838.649999999785,-0.857227576173
838.699999999785,-0.877454307358
838.749999999785,-0.896993159309
838.799999999785,-0.915828814567
838.849999999785,-0.933946506944
838.899999999785,-0.951332033096
838.949999999785,-0.967971763661
838.999999999785,-0.983852653942
839.049999999785,-0.998962254137
839.099999999785,-1.013288719090
839.149999999785,-1.026820817589
839.199999999784,-1.039547941160
839.249999999784,-1.051460112391
839.299999999784,-1.062547992750
839.349999999784,-1.072802889906
839.399999999784,-1.082216764546
839.449999999784,-1.090782236673
839.499999999784,-1.098492591396
839.549999999784,-1.105341784193
839.599999999784,-1.111324445646
839.649999999784,-1.116435885656
839.699999999784,-1.120672097116
839.749999999784,-1.124029759052
839.799999999784,-1.126506239230
839.849999999784,-1.128099596216
839.899999999784,-1.128808580900
839.949999999784,-1.128632637474
839.999999999784,-1.127571903868
840.049999999784,-1.125627211645
840.099999999784,-1.122800085342
840.149999999784,-1.119092741282
840.199999999784,-1.114508085832
840.249999999784,-1.109049713129
840.299999999783,-1.102721902256
840.349999999783,-1.095529613893
840.399999999783,-1.087478486426
840.449999999783,-1.078574831526
840.499999999783,-1.068825629202
840.549999999783,-1.058238522331
840.599999999783,-1.046821810661
840.649999999783,-1.034584444310
840.699999999783,-1.021536016746
840.749999999783,-1.007686757267
840.799999999783,-0.993047522985
840.849999999783,-0.977629790309
840.899999999783,-0.961445645951
840.949999999783,-0.944507777452
840.999999999783,-0.926829463233
841.049999999783,-0.908424562188
841.099999999783,-0.889307502815
841.149999999783,-0.869493271910
841.199999999783,-0.848997402815
841.249999999783,-0.827835963242
841.299999999783,-0.806025542676
841.349999999783,-0.783583239369
841.399999999782,-0.760526646938
841.449999999782,-0.736873840569
841.499999999782,-0.712643362852
841.549999999782,-0.687854209240
841.599999999782,-0.662525813160
841.649999999782,-0.636678030777
841.699999999782,-0.610331125429
841.749999999782,-0.583505751739
841.799999999782,-0.556222939428
841.849999999782,-0.528504076821
841.899999999782,-0.500370894088
841.949999999782,-0.471845446203
841.999999999782,-0.442950095657
842.049999999782,-0.413707494923
842.099999999782,-0.384140568703
842.149999999782,-0.354272495953
842.199999999782,-0.324126691713
842.249999999782,-0.293726788747
842.299999999782,-0.263096619024
842.349999999782,-0.232260195027
842.399999999782,-0.201241690934
842.449999999782,-0.170065423663
842.499999999781,-0.138755833810
842.549999999781,-0.107337466491
842.599999999781,-0.075834952096
842.649999999781,-0.044272986983
842.699999999781,-0.012676314115
842.749999999781,0.018930296333
842.799999999781,0.050522066399
842.849999999781,0.082074229753
842.899999999781,0.113562051114
842.949999999781,0.144960845643
842.999999999781,0.176245998295
843.049999999781,0.207392983111
843.099999999781,0.238377382452
843.149999999781,0.269174906134
843.199999999781,0.299761410476
843.249999999781,0.330112917227
843.299999999781,0.360205632359
843.349999999781,0.390015964725
843.399999999781,0.419520544551
843.449999999781,0.448696241759
843.499999999781,0.477520184094
843.549999999781,0.505969775064
843.599999999780,0.534022711647
843.649999999780,0.561657001776
843.699999999780,0.588850981583
843.749999999780,0.615583332382
843.799999999780,0.641833097379
843.849999999780,0.667579698102
843.899999999780,0.692802950535
843.949999999780,0.717483080940
843.999999999780,0.741600741359
844.049999999780,0.765137024782
844.099999999780,0.788073479968
844.149999999780,0.810392125910
844.199999999780,0.832075465934
844.249999999780,0.853106501412
844.299999999780,0.873468745088
844.349999999780,0.893146234008
844.399999999780,0.912123542027
844.449999999780,0.930385791908
844.499999999780,0.947918666983
844.549999999780,0.964708422375
844.599999999780,0.980741895776
844.649999999780,0.996006517765
844.699999999779,1.010490321659
844.749999999779,1.024181952898
844.799999999779,1.037070677945
844.849999999779,1.049146392699
844.899999999779,1.060399630418
844.949999999779,1.070821569141
844.999999999779,1.080404038601
845.049999999779,1.089139526633
845.099999999779,1.097021185062
845.149999999779,1.104042835071
845.199999999779,1.110198972047
845.249999999779,1.115484769893
845.299999999779,1.119896084815
845.349999999779,1.123429458567
845.399999999779,1.126082121165
845.449999999779,1.127851993059
845.499999999779,1.128737686758
845.549999999779,1.128738507926
845.599999999779,1.127854455916
845.649999999779,1.126086223782
845.699999999779,1.123435197727
845.749999999779,1.119903456019
845.799999999778,1.115493767363
845.849999999778,1.110209588729
845.899999999778,1.104055062643
845.949999999778,1.097035013937
845.999999999778,1.089154945970
846.049999999778,1.080421036312
846.099999999778,1.070840131901
846.149999999778,1.060419743675
846.199999999778,1.049168040684
846.249999999778,1.037093843688
846.299999999778,1.024206618238
846.349999999778,1.010516467260
846.399999999778,0.996034123130
846.449999999778,0.980770939264
846.499999999778,0.964738881217
846.549999999778,0.947950517301
846.599999999778,0.930419008733
846.649999999778,0.912158099319
846.699999999778,0.893182104675
846.749999999778,0.873505901011
846.799999999778,0.853144913460
846.849999999778,0.832115103996
846.899999999777,0.810432958911
846.949999999777,0.788115475897
846.999999999777,0.765180150717
847.049999999777,0.741644963491
847.099999999777,0.717528364601
847.149999999777,0.692849260225
847.199999999777,0.667626997516
847.249999999777,0.641881349438
847.299999999777,0.615632499258
847.349999999777,0.588901024732
847.399999999777,0.561707881966
847.449999999777,0.534074388991
847.499999999777,0.506022209051
847.549999999777,0.477573333617
847.599999999777,0.448750065151
847.649999999777,0.419574999619
847.699999999777,0.390071008777
847.749999999777,0.360261222244
847.799999999777,0.330169009366
847.849999999777,0.299817960895
847.899999999777,0.269231870500
847.949999999777,0.238434716109
847.999999999776,0.207450641112
848.049999999776,0.176303935439
848.099999999776,0.145019016510
848.149999999776,0.113620410100
848.199999999776,0.082132731109
848.249999999776,0.050580664263
848.299999999776,0.018988944767
848.349999999776,-0.012617661089
848.399999999776,-0.044214375345
848.449999999776,-0.075776427795
848.499999999776,-0.107279075407
848.549999999776,-0.138697621719
848.599999999776,-0.170007436200
848.649999999776,-0.201183973558
848.699999999776,-0.232202792986
848.749999999776,-0.263039577317
848.799999999776,-0.293670152093
848.849999999776,-0.324070504512
848.899999999776,-0.354216802253
848.949999999776,-0.384085412165
848.999999999776,-0.413652918786
849.049999999776,-0.442896142707
849.099999999775,-0.471792158736
849.149999999775,-0.500318313879
849.199999999775,-0.528452245089
849.249999999775,-0.556171896807
849.299999999775,-0.583455538245
849.349999999775,-0.610281780425
849.399999999775,-0.636629592948
849.449999999775,-0.662478320479
849.499999999775,-0.687807698938
849.549999999775,-0.712597871391
849.599999999775,-0.736829403612
849.649999999775,-0.760483299321
849.699999999775,-0.783541015075
849.749999999775,-0.805984474807
849.799999999775,-0.827796083992
849.849999999775,-0.848958743448
849.899999999775,-0.869455862732
849.949999999775,-0.889271373154
849.999999999775,-0.908389740367
850.049999999775,-0.926795976552
850.099999999775,-0.944475652161
850.149999999775,-0.961414907235
850.199999999774,-0.977600462266
850.249999999774,-0.993019628607
850.299999999774,-1.007660318422
850.349999999774,-1.021511054159
850.399999999774,-1.034560977551
850.449999999774,-1.046799858128
850.499999999774,-1.058218101233
850.549999999774,-1.068806755548
850.599999999774,-1.078557520111
850.649999999774,-1.087462750822
850.699999999774,-1.095515466437
850.749999999774,-1.102709354038
850.799999999774,-1.109038773986
850.849999999774,-1.114498764340
850.899999999774,-1.119085044748
850.949999999774,-1.122794019800
850.999999999774,-1.125622781850
851.049999999774,-1.127569113294
851.099999999774,-1.128631488307
851.149999999774,-1.128809074041
851.199999999774,-1.128101731279
851.249999999774,-1.126510014541
851.299999999773,-1.124035171652
851.349999999773,-1.120679142761
851.399999999773,-1.116444558823
851.449999999773,-1.111334739536
851.499999999773,-1.105353690735
851.549999999773,-1.098506101257
851.599999999773,-1.090797339261
851.649999999773,-1.082233448021
851.699999999773,-1.072821141191
851.749999999773,-1.062567797535
851.799999999773,-1.051481455151
851.849999999773,-1.039570805164
851.899999999773,-1.026845184911
851.949999999773,-1.013314570629
851.999999999773,-0.998989569625
852.049999999773,-0.983881411967
852.099999999773,-0.968001941677
852.149999999773,-0.951363607445
852.199999999773,-0.933979452873
852.249999999773,-0.915863106250
852.299999999773,-0.897028769861
852.349999999773,-0.877491208862
852.399999999772,-0.857265739701
852.449999999772,-0.836368218109
852.499999999772,-0.814815026673
852.549999999772,-0.792623061991
852.599999999772,-0.769809721427
852.649999999772,-0.746392889470
852.699999999772,-0.722390923718
852.749999999772,-0.697822640483
852.799999999772,-0.672707300041
852.849999999772,-0.647064591531
852.899999999772,-0.620914617524
852.949999999772,-0.594277878260
852.999999999772,-0.567175255578
853.049999999772,-0.539627996547
853.099999999772,-0.511657696807
853.149999999772,-0.483286283639
853.199999999772,-0.454535998778
853.249999999772,-0.425429380976
853.299999999772,-0.395989248330
853.349999999772,-0.366238680396
853.399999999772,-0.336201000095
853.449999999772,-0.305899755430
853.499999999771,-0.275358701025
853.549999999771,-0.244601779502
853.599999999771,-0.213653102712
853.649999999771,-0.182536932834
853.699999999771,-0.151277663350
853.749999999771,-0.119899799926
853.799999999771,-0.088427941200
853.849999999771,-0.056886759497
853.899999999771,-0.025300981489
853.949999999771,0.006304631193
853.999999999771,0.037905301367
854.049999999771,0.069476255726
854.099999999771,0.100992744259
854.149999999771,0.132430059653
854.199999999771,0.163763556664
854.249999999771,0.194968671435
854.299999999771,0.226020940753
854.349999999771,0.256896021230
854.399999999771,0.287569708385
854.449999999771,0.318017955618
854.499999999771,0.348216893063
854.549999999771,0.378142846299
854.599999999770,0.407772354912
854.649999999770,0.437082190885
854.699999999770,0.466049376808
854.749999999770,0.494651203890
854.799999999770,0.522865249765
854.849999999770,0.550669396065
854.899999999770,0.578041845763
854.949999999770,0.604961140262
854.999999999770,0.631406176213
855.049999999770,0.657356222063
855.099999999770,0.682790934304
855.149999999770,0.707690373425
855.199999999770,0.732035019541
855.249999999770,0.755805787697
855.299999999770,0.778984042828
855.349999999770,0.801551614368
855.399999999770,0.823490810499
855.449999999770,0.844784432013
855.499999999770,0.865415785802
855.549999999770,0.885368697942
855.599999999770,0.904627526372
855.649999999770,0.923177173155
855.699999999769,0.941003096320
855.749999999769,0.958091321256
855.799999999769,0.974428451669
855.849999999769,0.990001680086
855.899999999769,1.004798797895
855.949999999769,1.018808204911
855.999999999769,1.032018918478
856.049999999769,1.044420582073
856.099999999769,1.056003473426
856.149999999769,1.066758512146
856.199999999769,1.076677266831
856.249999999769,1.085751961686
856.299999999769,1.093975482615
856.349999999769,1.101341382800
856.399999999769,1.107843887751
856.449999999769,1.113477899837
856.499999999769,1.118239002283
856.549999999769,1.122123462627
856.599999999769,1.125128235652
856.649999999769,1.127250965769
856.699999999769,1.128489988866
856.749999999769,1.128844333614
856.799999999768,1.128313722223
856.849999999768,1.126898570666
856.899999999768,1.124599988350
856.949999999768,1.121419777245
856.999999999768,1.117360430473
857.049999999768,1.112425130355
857.099999999768,1.106617745914
857.149999999768,1.099942829840
857.199999999768,1.092405614928
857.249999999768,1.084012009966
857.299999999768,1.074768595111
857.349999999768,1.064682616727
857.399999999768,1.053761981705
857.449999999768,1.042015251263
857.499999999768,1.029451634236
857.549999999768,1.016080979856
857.599999999768,1.001913770032
857.649999999768,0.986961111130
857.699999999768,0.971234725269
857.749999999768,0.954746941130
857.799999999768,0.937510684291
857.849999999768,0.919539467095
857.899999999767,0.900847378056
857.949999999767,0.881449070814
857.999999999767,0.861359752648
858.049999999767,0.840595172555
858.099999999767,0.819171608901
858.149999999767,0.797105856665
858.199999999767,0.774415214264
858.249999999767,0.751117470001
858.299999999767,0.727230888114
858.349999999767,0.702774194460
858.399999999767,0.677766561832
858.449999999767,0.652227594936
858.499999999767,0.626177315013
858.549999999767,0.599636144147
858.599999999767,0.572624889257
858.649999999767,0.545164725784
858.699999999767,0.517277181090
858.749999999767,0.488984117580
858.799999999767,0.460307715568
858.849999999767,0.431270455884
858.899999999767,0.401895102253
858.949999999767,0.372204683446
858.999999999766,0.342222475232
859.049999999766,0.311971982125
859.099999999766,0.281476918964
859.149999999766,0.250761192316
859.199999999766,0.219848881737
859.249999999766,0.188764220895
859.299999999766,0.157531578573
859.349999999766,0.126175439562
859.399999999766,0.094720385468
859.449999999766,0.063191075445
859.499999999766,0.031612226854
859.549999999766,0.000008595897
859.599999999766,-0.031595041798
859.649999999766,-0.063173910599
859.699999999766,-0.094703254290
859.749999999766,-0.126158355481
859.799999999766,-0.157514554982
859.849999999766,-0.188747271141
859.899999999766,-0.219832019106
859.949999999766,-0.250744430028
859.999999999766,-0.281460270160
860.049999999766,-0.311955459857
860.099999999765,-0.342206092452
860.149999999765,-0.372188452998
860.199999999765,-0.401879036860
860.249999999765,-0.431254568142
860.299999999765,-0.460292017931
860.349999999765,-0.488968622354
860.399999999765,-0.517261900422
860.449999999765,-0.545149671654
860.499999999765,-0.572610073467
860.549999999765,-0.599621578311
860.599999999765,-0.626163010550
860.649999999765,-0.652213563061
860.699999999765,-0.677752813544
860.749999999765,-0.702760740537
860.799999999765,-0.727217739104
860.849999999765,-0.751104636212
860.899999999765,-0.774402705757
860.949999999765,-0.797093683245
860.999999999765,-0.819159780113
861.049999999765,-0.840583697671
861.099999999765,-0.861348640664
861.149999999765,-0.881438330441
861.199999999764,-0.900837017715
861.249999999764,-0.919529494907
861.299999999764,-0.937501108074
861.349999999764,-0.954737768391
861.399999999764,-0.971225963199
861.449999999764,-0.986952766598
861.499999999764,-1.001905849580
861.549999999764,-1.016073489693
861.599999999764,-1.029444580234
861.649999999764,-1.042008638952
861.699999999764,-1.053755816268
861.749999999764,-1.064676902998
861.799999999764,-1.074763337569
861.849999999764,-1.084007212733
861.899999999764,-1.092401281765
861.949999999764,-1.099938964144
861.999999999764,-1.106614350715
862.049999999764,-1.112422208315
862.099999999764,-1.117357983882
862.149999999764,-1.121417808021
862.199999999764,-1.124598498038
862.249999999764,-1.126897560434
862.299999999763,-1.128313192862
862.349999999763,-1.128844285540
862.399999999763,-1.128490422117
862.449999999763,-1.127251880004
862.499999999763,-1.125129630155
862.549999999763,-1.122125336305
862.599999999763,-1.118241353667
862.649999999763,-1.113480727084
862.699999999763,-1.107847188643
862.749999999763,-1.101345154750
862.799999999763,-1.093979722667
862.849999999763,-1.085756666515
862.899999999763,-1.076682432749
862.949999999763,-1.066764135103
862.999999999763,-1.056009549015
863.049999999763,-1.044427105530
863.099999999763,-1.032025884689
863.149999999763,-1.018815608415
863.199999999763,-1.004806632887
863.249999999763,-0.990009940426
863.299999999763,-0.974437130880
863.349999999763,-0.958100412534
863.399999999762,-0.941012592538
863.449999999762,-0.923187066868
863.499999999762,-0.904637809824
863.549999999762,-0.885379363072
863.599999999762,-0.865426824249
863.649999999762,-0.844795835122
863.699999999762,-0.823502569332
863.749999999762,-0.801563719706
863.799999999762,-0.778996485181
863.849999999762,-0.755818557311
863.899999999762,-0.732048106406
863.949999999762,-0.707703767281
863.999999999762,-0.682804624650
864.049999999762,-0.657370198167
864.099999999762,-0.631420427120
864.149999999762,-0.604975654798
864.199999999762,-0.578056612551
864.249999999762,-0.550684403527
864.299999999762,-0.522880486137
864.349999999762,-0.494666657227
864.399999999762,-0.466065034995
864.449999999762,-0.437098041648
864.499999999761,-0.407788385824
864.549999999761,-0.378159044792
864.599999999761,-0.348233246439
864.649999999761,-0.318034451057
864.699999999761,-0.287586332955
864.749999999761,-0.256912761898
864.799999999761,-0.226037784395
864.849999999761,-0.194985604847
864.899999999761,-0.163780566572
864.949999999761,-0.132447132721
864.999999999761,-0.101009867102
865.049999999761,-0.069493414921
865.099999999761,-0.037922483462
865.149999999761,-0.006321822719
865.199999999761,0.025283794010
865.249999999761,0.056869589539
865.299999999761,0.088410802223
865.349999999761,0.119882705366
865.399999999761,0.151260626609
865.449999999761,0.182519967268
865.499999999761,0.213636221621
865.549999999761,0.244584996119
865.599999999760,0.275342028508
865.649999999760,0.305883206849
865.699999999760,0.336184588424
865.749999999760,0.366222418500
865.799999999760,0.395973148959
865.849999999760,0.425413456750
865.899999999760,0.454520262181
865.949999999760,0.483270747007
865.999999999760,0.511642372320
866.049999999760,0.539612896220
866.099999999760,0.567160391248
866.149999999760,0.594263261579
866.199999999760,0.620900259952
866.249999999760,0.647050504323
866.299999999760,0.672693494241
866.349999999760,0.697809126914
866.399999999760,0.722377712974
866.449999999760,0.746379991907
866.499999999760,0.769797147156
866.549999999760,0.792610820871
866.599999999760,0.814803128299
866.649999999760,0.836356671809
866.699999999759,0.857254554527
866.749999999759,0.877480393583
866.799999999759,0.897018332954
866.849999999759,0.915853055898
866.899999999759,0.933969796956
866.949999999759,0.951354353531
866.999999999759,0.967993097021
867.049999999759,0.983872983504
867.099999999759,0.998981563961
867.149999999759,1.013306994041
867.199999999759,1.026838043338
867.249999999759,1.039564104204
867.299999999759,1.051475200059
867.349999999759,1.062561993214
867.399999999759,1.072815792191
867.449999999759,1.082228558536
867.499999999759,1.090792913122
867.549999999759,1.098502141936
867.599999999759,1.105350201335
867.649999999759,1.111331722793
867.699999999759,1.116442017102
867.749999999759,1.120677078054
867.799999999758,1.124033585578
867.849999999758,1.126508908344
867.899999999758,1.128101105825
867.949999999758,1.128808929821
867.999999999758,1.128631825434
868.049999999758,1.127569931504
868.099999999758,1.125624080501
868.149999999758,1.122795797874
868.199999999758,1.119087300851
868.249999999758,1.114501496704
868.299999999758,1.109041980468
868.349999999758,1.102713032125
868.399999999758,1.095519613245
868.449999999758,1.087467363101
868.499999999758,1.078562594245
868.549999999758,1.068812287559
868.599999999758,1.058224086783
868.649999999758,1.046806292526
868.699999999758,1.034567855753
868.749999999758,1.021518370772
868.799999999758,1.007668067710
868.849999999758,0.993027804496
868.899999999757,0.977609058346
868.949999999757,0.961423916767
868.999999999757,0.944485068082
869.049999999757,0.926805791480
869.099999999757,0.908399946608
869.149999999757,0.889281962707
869.199999999757,0.869466827295
869.249999999757,0.848970074425
869.299999999757,0.827807772502
869.349999999757,0.805996511684
869.399999999757,0.783553390885
869.449999999757,0.760496004361
869.499999999757,0.736842427922
869.549999999757,0.712611204761
869.599999999757,0.687821330915
869.649999999757,0.662492240375
869.699999999757,0.636643789853
869.749999999757,0.610296243208
869.799999999757,0.583470255567
869.849999999757,0.556186857132
869.899999999757,0.528467436688
869.949999999757,0.500333724842
869.999999999756,0.471807776983
870.049999999756,0.442911955993
870.099999999756,0.413668914715
870.149999999756,0.384101578197
870.199999999756,0.354233125714
870.249999999756,0.324086972605
870.299999999756,0.293686751909
870.349999999756,0.263056295843
870.399999999756,0.232219617114
870.449999999756,0.201200890099
870.499999999756,0.170024431892
870.549999999756,0.138714683240
870.599999999756,0.107296189380
870.649999999756,0.075793580804
870.699999999756,0.044231553942
870.749999999756,0.012634851808
870.799999999756,-0.018971755403
870.849999999756,-0.050563489729
870.899999999756,-0.082115584869
870.949999999756,-0.113603305597
870.999999999756,-0.145001967152
871.049999999756,-0.176286954591
871.099999999755,-0.207433742088
871.149999999755,-0.238417912155
871.199999999755,-0.269215174792
871.249999999755,-0.299801386520
871.299999999755,-0.330152569317
871.349999999755,-0.360244929410
871.399999999755,-0.390054875931
871.449999999755,-0.419559039407
871.499999999755,-0.448734290086
871.549999999755,-0.477557756066
871.599999999755,-0.506006841226
871.649999999755,-0.534059242939
871.699999999755,-0.561692969561
871.749999999755,-0.588886357665
871.799999999755,-0.615618089027
871.849999999755,-0.641867207339
871.899999999755,-0.667613134637
871.949999999755,-0.692835687432
871.999999999755,-0.717515092536
872.049999999755,-0.741632002558
872.099999999755,-0.765167511077
872.149999999755,-0.788103167459
872.199999999754,-0.810420991324
872.249999999754,-0.832103486641
872.299999999754,-0.853133655446
872.349999999754,-0.873495011162
872.399999999754,-0.893171591530
872.449999999754,-0.912147971118
872.499999999754,-0.930409273417
872.549999999754,-0.947941182502
872.599999999754,-0.964729954253
872.649999999754,-0.980762427133
872.699999999754,-0.996026032505
872.749999999754,-1.010508804484
872.799999999754,-1.024199389318
872.849999999754,-1.037087054291
872.899999999754,-1.049161696132
872.949999999754,-1.060413848942
872.999999999754,-1.070834691609
873.049999999754,-1.080416054726
873.099999999754,-1.089150426995
873.149999999754,-1.097030961115
873.199999999754,-1.104051479152
873.249999999754,-1.110206477378
873.299999999753,-1.115491130591
873.349999999753,-1.119901295894
873.399999999753,-1.123433515941
873.449999999753,-1.126085021654
873.499999999753,-1.127853734389
873.549999999753,-1.128738267564
873.599999999753,-1.128737927751
873.649999999753,-1.127852715217
873.699999999753,-1.126083323923
873.749999999753,-1.123431140981
873.799999999753,-1.119898245567
873.849999999753,-1.115487407289
873.899999999753,-1.110202084019
873.949999999753,-1.104046419180
873.999999999753,-1.097025238498
874.049999999753,-1.089144046218
874.099999999753,-1.080409020792
874.149999999753,-1.070827010032
874.199999999753,-1.060405525744
874.249999999753,-1.049152737837
874.299999999753,-1.037077467922
874.349999999753,-1.024189182391
874.399999999752,-1.010497985000
874.449999999752,-0.996014608947
874.499999999752,-0.980750408456
874.549999999752,-0.964717349879
874.599999999752,-0.947928002312
874.649999999752,-0.930395527745
874.699999999752,-0.912133670738
874.749999999752,-0.893156747653
874.799999999752,-0.873479635426
874.849999999752,-0.853117759904
874.899999999752,-0.832087083754
874.949999999752,-0.810404093951
874.999999999752,-0.788085788847
875.049999999752,-0.765149664850
875.099999999752,-0.741613702707
875.149999999752,-0.717496353406
875.199999999752,-0.692816523715
875.249999999752,-0.667593561355
875.299999999752,-0.641847239837
875.349999999752,-0.615597742958
875.399999999752,-0.588865648980
875.449999999752,-0.561671914495
875.499999999751,-0.534037857998
875.549999999751,-0.505985143173
875.599999999751,-0.477535761913
875.649999999751,-0.448712017074
875.699999999751,-0.419536504998
875.749999999751,-0.390032097790
875.799999999751,-0.360221925395
875.849999999751,-0.330129357461
875.899999999751,-0.299777985019
875.949999999751,-0.269191601993
875.999999999751,-0.238394186538
876.049999999751,-0.207409882252
876.099999999751,-0.176262979241
876.149999999751,-0.144977895083
876.199999999751,-0.113579155681
876.249999999751,-0.082091376038
876.299999999751,-0.050539240962
876.349999999751,-0.018947485709
876.399999999751,0.012659123403
876.449999999751,0.044255808410
876.499999999751,0.075817799130
876.549999999751,0.107320352578
876.599999999750,0.138738772368
876.649999999750,0.170048428066
876.699999999750,0.201224774506
876.749999999750,0.232243371030
876.799999999750,0.263079900646
876.849999999750,0.293710189095
876.899999999750,0.324110223800
876.949999999750,0.354256172691
876.999999999750,0.384124402886
877.049999999750,0.413691499225
877.099999999750,0.442934282618
877.149999999750,0.471829828220
877.199999999750,0.500355483404
877.249999999750,0.528488885518
877.299999999750,0.556207979414
877.349999999750,0.583491034743
877.399999999750,0.610316662988
877.449999999750,0.636663834229
877.499999999750,0.662511893634
877.549999999750,0.687840577649
877.599999999750,0.712630029881
877.649999999750,0.736860816671
877.699999999749,0.760513942323
877.749999999749,0.783570863998
877.799999999749,0.806013506249
877.849999999749,0.827824275196
877.899999999749,0.848986072312
877.949999999749,0.869482307833
877.999999999749,0.889296913759
878.049999999749,0.908414356455
878.099999999749,0.926819648824
878.149999999749,0.944498362060
878.199999999749,0.961436636957
878.249999999749,0.977621194776
878.299999999749,0.993039347652
878.349999999749,1.007679008543
878.399999999749,1.021528700704
878.449999999749,1.034577566687
878.499999999749,1.046815376848
878.549999999749,1.058232537372
878.599999999749,1.068820097790
878.649999999749,1.078569757995
878.699999999749,1.087473874755
878.749999999749,1.095525467697
878.799999999748,1.102718224786
878.849999999748,1.109046507267
878.899999999748,1.114505354092
878.949999999748,1.119090485805
878.999999999748,1.122798307896
879.049999999748,1.125625913624
879.099999999748,1.127571086290
879.149999999748,1.128632300978
879.199999999748,1.128808725751
879.249999999748,1.128100222301
879.299999999748,1.126507346057
879.349999999748,1.124031345755
879.399999999748,1.120674162449
879.449999999748,1.116438428002
879.499999999748,1.111327463011
879.549999999748,1.105345274211
879.599999999748,1.098496551332
879.649999999748,1.090786663421
879.699999999748,1.082221654637
879.749999999748,1.072808239507
879.799999999748,1.062553797666
879.849999999748,1.051466368071
879.899999999747,1.039554642701
879.949999999747,1.026827959736
879.999999999747,1.013296296245
880.049999999747,0.998970260359
880.099999999747,0.983861082956
880.149999999747,0.967980608858
880.199999999747,0.951341287542
880.249999999747,0.933956163384
880.299999999747,0.915838865431
880.349999999747,0.897003596718
880.399999999747,0.877465123128
880.449999999747,0.857238761827
880.499999999747,0.836340369243
880.549999999747,0.814786328648
880.599999999747,0.792593537304
880.649999999747,0.769779393223
880.699999999747,0.746361781527
880.749999999747,0.722359060422
880.799999999747,0.697790046813
880.849999999747,0.672674001548
880.899999999747,0.647030614320
880.949999999747,0.620879988232
880.999999999746,0.594242624034
881.049999999746,0.567139404057
881.099999999746,0.539591575835
881.149999999746,0.511620735456
881.199999999746,0.483248810625
881.249999999746,0.454498043479
881.299999999746,0.425390973146
881.349999999746,0.395950418079
881.399999999746,0.366199458164
881.449999999746,0.336161416631
881.499999999746,0.305859841766
881.549999999746,0.275318488451
881.599999999746,0.244561299542
881.649999999746,0.213612387101
881.699999999746,0.182496013490
881.749999999746,0.151236572352
881.799999999746,0.119858569488
881.849999999746,0.088386603644
881.899999999746,0.056845347230
881.949999999746,0.025259526975
881.999999999746,-0.006346095455
882.049999999746,-0.037946742871
882.099999999745,-0.069517641984
882.149999999745,-0.101034042827
882.199999999745,-0.132471238155
882.249999999745,-0.163804582818
882.299999999745,-0.195009513077
882.349999999745,-0.226061565867
882.399999999745,-0.256936397968
882.449999999745,-0.287609805094
882.499999999745,-0.318057740863
882.549999999745,-0.348256335655
882.599999999745,-0.378181915317
882.649999999745,-0.407811019728
882.699999999745,-0.437120421188
882.749999999745,-0.466087142626
882.799999999745,-0.494688475618
882.849999999745,-0.522901998183
882.899999999745,-0.550705592365
882.949999999745,-0.578077461569
882.999999999745,-0.604996147652
883.049999999745,-0.631440547744
883.099999999745,-0.657389930788
883.149999999745,-0.682823953799
883.199999999744,-0.707722677803
883.249999999744,-0.732066583478
883.299999999744,-0.755836586448
883.349999999744,-0.779014052248
883.399999999744,-0.801580810932
883.449999999744,-0.823519171318
883.499999999744,-0.844811934853
883.549999999744,-0.865442409104
883.599999999744,-0.885394420833
883.649999999744,-0.904652328686
883.699999999744,-0.923201035450
883.749999999744,-0.941025999888
883.799999999744,-0.958113248142
883.849999999744,-0.974449384684
883.899999999744,-0.990021602820
883.949999999744,-1.004817694727
883.999999999744,-1.018826061029
884.049999999744,-1.032035719884
884.099999999744,-1.044436315595
884.149999999744,-1.056018126730
884.199999999744,-1.066772073743
884.249999999744,-1.076689726091
884.299999999743,-1.085763308841
884.349999999743,-1.093985708770
884.399999999743,-1.101350479938
884.449999999743,-1.107851848740
884.499999999743,-1.113484718437
884.549999999743,-1.118244673147
884.599999999743,-1.122127981310
884.649999999743,-1.125131598611
884.699999999743,-1.127253170368
884.749999999743,-1.128491033378
884.799999999743,-1.128844217218
884.849999999743,-1.128312445012
884.899999999743,-1.126896133641
884.949999999743,-1.124596393421
884.999999999743,-1.121415027230
885.049999999743,-1.117354529097
885.099999999743,-1.112418082243
885.149999999743,-1.106609556592
885.199999999743,-1.099933505728
885.249999999743,-1.092395163335
885.299999999743,-1.084000439086
885.349999999743,-1.074755914015
885.399999999742,-1.064668835357
885.449999999742,-1.053747110864
885.499999999742,-1.041999302609
885.549999999742,-1.029434620272
885.599999999742,-1.016062913920
885.649999999742,-1.001894666287
885.699999999742,-0.986940984552
885.749999999742,-0.971213591637
885.799999999742,-0.954724817011
885.849999999742,-0.937487587030
885.899999999742,-0.919515414798
885.949999999742,-0.900822389579
885.999999999742,-0.881423165747
886.049999999742,-0.861332951299
886.099999999742,-0.840567495935
886.149999999742,-0.819143078708
886.199999999742,-0.797076495263
886.249999999742,-0.774385044673
886.299999999742,-0.751086515872
886.349999999742,-0.727199173712
886.399999999742,-0.702741744648
886.449999999742,-0.677733402051
886.499999999741,-0.652193751179
886.549999999741,-0.626142813812
886.599999999741,-0.599601012551
886.649999999741,-0.572589154806
886.699999999741,-0.545128416493
886.749999999741,-0.517240325422
886.799999999741,-0.488946744430
886.849999999741,-0.460269854233
886.899999999741,-0.431232136046
886.949999999741,-0.401856353952
886.999999999741,-0.372165537060
887.049999999741,-0.342182961448
887.099999999741,-0.311932131922
887.149999999741,-0.281436763581
887.199999999741,-0.250720763233
887.249999999741,-0.219808210649
887.299999999741,-0.188723339686
887.349999999741,-0.157490519291
887.399999999741,-0.126134234395
887.449999999741,-0.094679066720
887.499999999741,-0.063149675507
887.549999999741,-0.031570778182
887.599999999740,0.000032869015
887.649999999740,0.031636490445
887.699999999740,0.063215310487
887.749999999740,0.094744572964
887.799999999740,0.126199560548
887.849999999740,0.157555614140
887.899999999740,0.188788152201
887.949999999740,0.219872690020
887.999999999740,0.250784858913
888.049999999740,0.281500425321
888.099999999740,0.311995309814
888.149999999740,0.342245605965
888.199999999740,0.372227599090
888.249999999740,0.401917784843
888.299999999740,0.431292887639
888.349999999740,0.460329878902
888.399999999740,0.489005995118
888.449999999740,0.517298755681
888.499999999740,0.545185980515
888.549999999740,0.572645807465
888.599999999740,0.599656709433
888.649999999740,0.626197511255
888.699999999739,0.652247406302
888.749999999739,0.677785972791
888.799999999739,0.702793189793
888.849999999739,0.727249452932
888.899999999739,0.751135589749
888.949999999739,0.774432874737
888.999999999739,0.797123044017
889.049999999739,0.819188309660
889.099999999739,0.840611373626
889.149999999739,0.861375441332
889.199999999739,0.881464234812
889.249999999739,0.900862005480
889.299999999739,0.919553546478
889.349999999739,0.937524204595
889.399999999739,0.954759891755
889.449999999739,0.971247096064
889.499999999739,0.986972892396
889.549999999739,1.001924952533
889.599999999739,1.016091554826
889.649999999739,1.029461593385
889.699999999739,1.042024586783
889.749999999739,1.053770686277
889.799999999738,1.064690683528
889.849999999738,1.074776017816
889.899999999738,1.084018782757
889.949999999738,1.092411732495
889.999999999738,1.099948287388
890.049999999738,1.106622539163
890.099999999738,1.112429255549
890.149999999738,1.117363884376
890.199999999738,1.121422557150
890.249999999738,1.124602092079
890.299999999738,1.126899996569
890.349999999738,1.128314469182
890.399999999738,1.128844401043
890.449999999738,1.128489376713
890.499999999738,1.127249674514
890.549999999738,1.125126266307
890.599999999738,1.122120816736
890.649999999738,1.118235681920
890.699999999738,1.113473907605
890.749999999738,1.107839226779
890.799999999738,1.101336056742
890.849999999738,1.093969495648
890.899999999737,1.085745318502
890.949999999737,1.076669972638
890.999999999737,1.066750572663
891.049999999737,1.055994894878
891.099999999737,1.044411371183
891.149999999737,1.032009082468
891.199999999737,1.018797751492
891.249999999737,1.004787735261
891.299999999737,0.989990016911
891.349999999737,0.974416197095
891.399999999737,0.958078484891
891.449999999737,0.940989688227
891.499999999737,0.923163203844
891.549999999737,0.904613006795
891.599999999737,0.885353639482
891.649999999737,0.865400200264
891.699999999737,0.844768331615
891.749999999737,0.823474207862
891.799999999737,0.801534522509
891.849999999737,0.778966475145
891.899999999737,0.755787757963
891.949999999737,0.732016541891
891.999999999736,0.707671462343
892.049999999736,0.682771604616
892.099999999736,0.657336488922
892.149999999736,0.631386055090
892.199999999736,0.604940646931
892.249999999736,0.578020996289
892.299999999736,0.550648206792
892.349999999736,0.522843737305
892.399999999736,0.494629385108
892.449999999736,0.466027268809
892.499999999736,0.437059811000
892.549999999736,0.407749720686
892.599999999736,0.378119975476
892.649999999736,0.348193803572
892.699999999736,0.317994665561
892.749999999736,0.287546236020
892.799999999736,0.256872384957
892.849999999736,0.225997159102
892.899999999736,0.194944763050
892.949999999736,0.163739540289
892.999999999736,0.132405954115
893.049999999736,0.100968568454
893.099999999735,0.069452028608
893.149999999735,0.037881041928
893.199999999735,0.006280358452
893.249999999735,-0.025325248503
893.299999999735,-0.056911001761
893.349999999735,-0.088452139709
893.399999999735,-0.119923935709
893.449999999735,-0.151301717487
893.499999999735,-0.182560886467
893.549999999735,-0.213676937063
893.599999999735,-0.244625475885
893.649999999735,-0.275382240864
893.699999999735,-0.305923120271
893.749999999735,-0.336224171621
893.799999999735,-0.366261640442
893.849999999735,-0.396011978897
893.899999999735,-0.425451864244
893.949999999735,-0.454558217121
893.999999999735,-0.483308219639
894.049999999735,-0.511679333267
894.099999999735,-0.539649316506
894.149999999735,-0.567196242322
894.199999999734,-0.594298515335
894.249999999734,-0.620934888753
894.299999999734,-0.647084481022
894.349999999734,-0.672726792202
894.399999999734,-0.697841720033
894.449999999734,-0.722409575700
894.499999999734,-0.746411099261
894.549999999734,-0.769827474751
894.599999999734,-0.792640344932
894.649999999734,-0.814831825682
894.699999999734,-0.836384520015
894.749999999734,-0.857281531725
894.799999999734,-0.877506478624
894.849999999734,-0.897043505389
894.899999999734,-0.915877295993
894.949999999734,-0.933993085707
894.999999999734,-0.951376672682
895.049999999734,-0.968014429075
895.099999999734,-0.983893311737
895.149999999734,-0.999000872438
895.199999999734,-1.013325267624
895.249999999734,-1.026855267702
895.299999999733,-1.039580265846
895.349999999733,-1.051490286309
895.399999999733,-1.062575992245
895.449999999733,-1.072828693028
895.499999999733,-1.082240351066
895.549999999733,-1.090803588101
895.599999999733,-1.098511690993
895.649999999733,-1.105358616986
895.699999999733,-1.111338998440
895.749999999733,-1.116448147042
895.799999999733,-1.120682057480
895.849999999733,-1.124037410588
895.899999999733,-1.126511575938
895.949999999733,-1.128102613913
895.999999999733,-1.128809277220
896.049999999733,-1.128631011871
896.099999999733,-1.127567957617
896.149999999733,-1.125620947839
896.199999999733,-1.122791508892
896.249999999733,-1.119081858911
896.299999999733,-1.114494906072
896.349999999733,-1.109034246311
896.399999999732,-1.102704160506
896.449999999732,-1.095509611120
896.499999999732,-1.087456238310
896.549999999732,-1.078550355509
896.599999999732,-1.068798944473
896.649999999732,-1.058209649808
896.699999999732,-1.046790772979
896.749999999732,-1.034551265801
896.799999999732,-1.021500723420
896.849999999732,-1.007649376793
896.899999999732,-0.993008084667
896.949999999732,-0.977588325064
896.999999999732,-0.961402186286
897.049999999732,-0.944462357437
897.099999999732,-0.926782118476
897.149999999732,-0.908375329803
897.199999999732,-0.889256421399
897.249999999732,-0.869440381508
897.299999999732,-0.848942744890
897.349999999732,-0.827779580644
897.399999999732,-0.805967479605
897.449999999732,-0.783523541344
897.499999999731,-0.760465360758
897.549999999731,-0.736811014281
897.599999999731,-0.712579045708
897.649999999731,-0.687788451661
897.699999999731,-0.662458666697
897.749999999731,-0.636609548069
897.799999999731,-0.610261360163
897.849999999731,-0.583434758608
897.899999999731,-0.556150774085
897.949999999731,-0.528430795842
897.999999999731,-0.500296554921
898.049999999731,-0.471770107127
898.099999999731,-0.442873815732
898.149999999731,-0.413630333950
898.199999999731,-0.384062587172
898.249999999731,-0.354193754997
898.299999999731,-0.324047253061
898.349999999731,-0.293646714675
898.399999999731,-0.263015972306
898.449999999731,-0.232179038886
898.499999999731,-0.201160088992
898.549999999731,-0.169983439892
898.599999999730,-0.138673532481
898.649999999730,-0.107254912124
898.699999999730,-0.075752209409
898.749999999730,-0.044190120843
898.799999999730,-0.012593389484
898.849999999730,0.019013214446
898.899999999730,0.050604912991
898.949999999730,0.082156939875
898.999999999730,0.113644559927
899.049999999730,0.145043088464
899.099999999730,0.176327910650
899.149999999730,0.207474500785
899.199999999730,0.238458441538
899.249999999730,0.269255443087
899.299999999730,0.299841362159
899.349999999730,0.330192220962
899.399999999730,0.360284225976
899.449999999730,0.390093786610
899.499999999730,0.419597533696
899.549999999730,0.448772337808
899.599999999730,0.477595327393
899.649999999730,0.506043906704
899.699999999729,0.534095773511
899.749999999729,0.561728936589
899.799999999729,0.588921732952
899.849999999729,0.615652844840
899.899999999729,0.641901316433
899.949999999729,0.667646570271
899.999999999729,0.692868423395
900.049999999729,0.717547103164
900.099999999729,0.741663262756
900.149999999729,0.765197996339
900.199999999729,0.788132853886
900.249999999729,0.810449855644
900.299999999729,0.832131506226
900.349999999729,0.853160808329
900.399999999729,0.873521276057
900.449999999729,0.893196947847
900.499999999729,0.912172398979
900.549999999729,0.930432753671
900.599999999729,0.947963696742
900.649999999729,0.964751484829
900.699999999729,0.980782957166
900.749999999729,0.996045545901
900.799999999728,1.010527285945
900.849999999728,1.024216824356
900.899999999728,1.037103429237
900.949999999728,1.049176998151
900.999999999728,1.060428066036
901.049999999728,1.070847812633
901.099999999728,1.080428069393
901.149999999728,1.089161325887
901.199999999728,1.097040735688
901.249999999728,1.104060121743
901.299999999728,1.110213981212
901.349999999728,1.115497489785
901.399999999728,1.119906505462
901.449999999728,1.123437571800
901.499999999728,1.126087920624
901.549999999728,1.127855474197
901.599999999728,1.128738846847
901.649999999728,1.128737346054
901.699999999728,1.127850972997
901.749999999728,1.126080422545
901.799999999728,1.123427082720
901.849999999728,1.119893033603
901.899999999727,1.115481045710
901.949999999727,1.110194577811
901.999999999727,1.104037774228
902.049999999727,1.097015461578
902.099999999727,1.089133144996
902.149999999727,1.080397003813
902.199999999727,1.070813886718
902.249999999727,1.060391306382
902.299999999727,1.049137433575
902.349999999727,1.037061090757
902.399999999727,1.024171745162
902.449999999727,1.010479501378
902.499999999727,0.995995093420
902.549999999727,0.980729876325
902.599999999727,0.964695817239
902.649999999727,0.947905486044
902.699999999727,0.930372045501
902.749999999727,0.912109240927
902.799999999727,0.893131389426
902.849999999727,0.873453368662
902.899999999727,0.853090605196
902.949999999727,0.832059062390
902.999999999726,0.810375227897
903.049999999726,0.788056100733
903.099999999726,0.765119177951
903.149999999726,0.741582440922
903.199999999726,0.717464341244
903.249999999726,0.692783786270
903.299999999726,0.667560124293
903.349999999726,0.641813129370
903.399999999726,0.615562985828
903.449999999726,0.588830272434
903.499999999726,0.561635946266
903.549999999726,0.534001326283
903.599999999726,0.505948076612
903.649999999726,0.477498189564
903.699999999726,0.448673968392
903.749999999726,0.419498009811
903.799999999726,0.389993186276
903.849999999726,0.360182628059
903.899999999726,0.330089705110
903.949999999726,0.299738008739
903.999999999726,0.269151333122
904.049999999726,0.238353656646
904.099999999725,0.207369123111
904.149999999725,0.176222022806
904.199999999725,0.144936773460
904.249999999725,0.113537901108
904.299999999725,0.082050020857
904.349999999725,0.050497817592
904.399999999725,0.018906026624
904.449999999725,-0.012700585700
904.499999999725,-0.044297241415
904.549999999725,-0.075859170362
904.599999999725,-0.107361629605
904.649999999725,-0.138779922829
904.699999999725,-0.170089419702
904.749999999725,-0.201265575182
904.799999999725,-0.232283948760
904.849999999725,-0.263120223620
904.899999999725,-0.293750225701
904.949999999725,-0.324149942652
904.999999999725,-0.354295542650
905.049999999725,-0.384163393090
905.099999999725,-0.413730079106
905.149999999725,-0.442972421932
905.199999999724,-0.471867497068
905.249999999724,-0.500392652255
905.299999999724,-0.528525525233
905.349999999724,-0.556244061271
905.399999999724,-0.583526530455
905.449999999724,-0.610351544727
905.499999999724,-0.636698074651
905.549999999724,-0.662545465896
905.599999999724,-0.687873455431
905.649999999724,-0.712662187410
905.699999999724,-0.736892228736
905.749999999724,-0.760544584299
905.799999999724,-0.783600711863
905.849999999724,-0.806042536605
905.899999999724,-0.827852465283
905.949999999724,-0.849013400032
905.999999999724,-0.869508751761
906.049999999724,-0.889322453165
906.099999999724,-0.908438971317
906.149999999724,-0.926843319845
906.199999999724,-0.944521070684
906.249999999724,-0.961458365382
906.299999999723,-0.977641925967
906.349999999723,-0.993059065357
906.399999999723,-1.007697697304
906.449999999723,-1.021546345871
906.499999999723,-1.034594154426
906.549999999723,-1.046830894156
906.599999999723,-1.058246972084
906.649999999723,-1.068833438589
906.699999999723,-1.078581994424
906.749999999723,-1.087484997220
906.799999999723,-1.095535467480
906.849999999723,-1.102727094046
906.899999999723,-1.109054239052
906.949999999723,-1.114511942340
906.999999999723,-1.119095925351
907.049999999723,-1.122802594477
907.099999999723,-1.125629043878
907.149999999723,-1.127573057764
907.199999999723,-1.128633112127
907.249999999723,-1.128808375938
907.299999999723,-1.128098711800
907.349999999723,-1.126504676054
907.399999999722,-1.124027518341
907.449999999722,-1.120669180626
907.499999999722,-1.116432295674
907.549999999722,-1.111320184986
907.599999999722,-1.105336856195
907.649999999722,-1.098486999924
907.699999999722,-1.090775986110
907.749999999722,-1.082209859792
907.799999999722,-1.072795336375
907.849999999722,-1.062539796362
907.899999999722,-1.051451279573
907.949999999722,-1.039538478835
907.999999999722,-1.026810733176
908.049999999722,-1.013278020495
908.099999999722,-0.998950949746
908.149999999722,-0.983840752618
908.199999999722,-0.967959274733
908.249999999722,-0.951318966355
908.299999999722,-0.933932872635
908.349999999722,-0.915814623378
908.399999999722,-0.896978422364
908.449999999722,-0.877439036211
908.499999999721,-0.857211782795
908.549999999721,-0.836312519248
908.599999999721,-0.814757629522
908.649999999721,-0.792564011547
908.699999999721,-0.769749063981
908.749999999721,-0.746330672576
908.799999999721,-0.722327196151
908.849999999721,-0.697757452201
908.899999999721,-0.672640702148
908.949999999721,-0.646996636237
908.999999999721,-0.620845358103
909.049999999721,-0.594207369007
909.099999999721,-0.567103551770
909.149999999721,-0.539555154395
909.199999999721,-0.511583773415
909.249999999721,-0.483211336960
909.299999999721,-0.454460087566
909.349999999721,-0.425352564742
909.399999999721,-0.395911587293
909.449999999721,-0.366160235439
909.499999999721,-0.336121832714
909.549999999721,-0.305819927689
909.599999999720,-0.275278275505
909.649999999720,-0.244520819253
909.699999999720,-0.213571671202
909.749999999720,-0.182455093901
909.799999999720,-0.151195481151
909.849999999720,-0.119817338888
909.899999999720,-0.088345265969
909.949999999720,-0.056803934886
909.999999999720,-0.025218072428
910.049999999720,0.006387559708
910.099999999720,0.037988184324
910.149999999720,0.069559028149
910.199999999720,0.101075341259
910.249999999720,0.132512416478
910.299999999720,0.163845608750
910.349999999720,0.195050354457
910.399999999720,0.226102190677
910.449999999720,0.256976774360
910.499999999720,0.287649901414
910.549999999720,0.318097525679
910.599999999720,0.348295777777
910.649999999720,0.378220983825
910.699999999719,0.407849683994
910.749999999719,0.437158650900
910.799999999719,0.466124907816
910.849999999719,0.494725746679
910.899999999719,0.522938745896
910.949999999719,0.550741787922
910.999999999719,0.578113076594
911.049999999719,0.605031154226
911.099999999719,0.631474918423
911.149999999719,0.657423638627
911.199999999719,0.682856972372
911.249999999719,0.707754981227
911.299999999719,0.732098146427
911.349999999719,0.755867384179
911.399999999719,0.779044060617
911.449999999719,0.801610006415
911.499999999719,0.823547531026
911.549999999719,0.844839436554
911.599999999719,0.865469031237
911.649999999719,0.885420142529
911.699999999719,0.904677129780
911.749999999719,0.923224896499
911.799999999718,0.941048902187
911.849999999718,0.958135173736
911.899999999718,0.974470316384
911.949999999718,0.990041524217
911.999999999718,1.004836590205
912.049999999718,1.018843915773
912.099999999718,1.032052519897
912.149999999718,1.044452047707
912.199999999718,1.056032778609
912.249999999718,1.066785633902
912.299999999718,1.076702183899
912.349999999718,1.085774654532
912.399999999718,1.093995933449
912.449999999718,1.101359575590
912.499999999718,1.107859808234
912.549999999718,1.113491535534
912.599999999718,1.118250342502
912.649999999718,1.122132498479
912.699999999718,1.125134960053
912.749999999718,1.127255373447
912.799999999718,1.128492076367
912.849999999718,1.128844099300
912.899999999717,1.128311166279
912.949999999717,1.126893695095
912.999999999717,1.124592796974
913.049999999717,1.121410275702
913.099999999717,1.117348626212
913.149999999717,1.112411032630
913.199999999717,1.106601365776
913.249999999717,1.099924180132
913.299999999717,1.092384710268
913.349999999717,1.083988866743
913.399999999717,1.074743231469
913.449999999717,1.064655052550
913.499999999717,1.053732238601
913.549999999717,1.041983352549
913.599999999717,1.029417604919
913.649999999717,1.016044846613
913.699999999717,1.001875561190
913.749999999717,0.986920856643
913.799999999717,0.971192456694
913.849999999717,0.954702691604
913.899999999717,0.937464488503
913.949999999717,0.919491361260
913.999999999716,0.900797399887
914.049999999716,0.881397259490
914.099999999716,0.861306148788
914.149999999716,0.840539818181
914.199999999716,0.819114547409
914.249999999716,0.797047132786
914.299999999716,0.774354874037
914.349999999716,0.751055560728
914.399999999716,0.727167458329
914.449999999716,0.702709293889
914.499999999716,0.677700241354
914.549999999716,0.652159906543
914.599999999716,0.626108311768
914.649999999716,0.599565880146
914.699999999716,0.572553419583
914.749999999716,0.545092106466
914.799999999716,0.517203469057
914.849999999716,0.488909370619
914.899999999716,0.460231992277
914.949999999716,0.431193815626
914.999999999716,0.401817605109
915.049999999716,0.372126390171
915.099999999715,0.342143447204
915.149999999715,0.311892281298
915.199999999715,0.281396607819
915.249999999715,0.250680333813
915.299999999715,0.219767539264
915.349999999715,0.188682458222
915.399999999715,0.157449459796
915.449999999715,0.126093029058
915.499999999715,0.094637747845
915.549999999715,0.063108275484
915.599999999715,0.031529329468
915.649999999715,-0.000074333928
915.699999999715,-0.031677939050
915.749999999715,-0.063256710290
915.799999999715,-0.094785891509
915.849999999715,-0.126240765444
915.899999999715,-0.157596673085
915.949999999715,-0.188829033007
915.999999999715,-0.219913360638
916.049999999715,-0.250825287459
916.099999999715,-0.281540580101
916.149999999715,-0.312035159350
916.199999999714,-0.342285119016
916.249999999714,-0.372266744680
916.299999999714,-0.401956532284
916.349999999714,-0.431331206555
916.399999999714,-0.460367739252
916.449999999714,-0.489043367223
916.499999999714,-0.517335610242
916.549999999714,-0.545222288640
916.599999999714,-0.572681540691
916.649999999714,-0.599691839746
916.699999999714,-0.626232011116
916.749999999714,-0.652281248664
916.799999999714,-0.677819131123
916.849999999714,-0.702825638101
916.899999999714,-0.727281165778
916.949999999714,-0.751166542272
916.999999999714,-0.774463042671
917.049999999714,-0.797152403713
917.099999999714,-0.819216838101
917.149999999714,-0.840639048448
917.199999999714,-0.861402240839
917.249999999714,-0.881490137993
917.299999999713,-0.900886992030
917.349999999713,-0.919577596808
917.399999999713,-0.937547299851
917.449999999713,-0.954782013832
917.499999999713,-0.971268227618
917.549999999713,-0.986993016862
917.599999999713,-1.001944054135
917.649999999713,-1.016109618589
917.699999999713,-1.029478605147
917.749999999713,-1.042040533208
917.799999999713,-1.053785554865
917.849999999713,-1.064704462621
917.899999999713,-1.074788696613
917.949999999713,-1.084030351318
917.999999999713,-1.092422181751
918.049999999713,-1.099957609147
918.099999999713,-1.106630726118
918.149999999713,-1.112436301281
918.199999999713,-1.117369783363
918.249999999713,-1.121427304766
918.299999999713,-1.124605684602
918.349999999713,-1.126902431184
918.399999999712,-1.128315743979
918.449999999712,-1.128844515024
918.499999999712,-1.128488329788
918.549999999712,-1.127247467502
918.599999999712,-1.125122900940
918.649999999712,-1.122116295652
918.699999999712,-1.118230008664
918.749999999712,-1.113467086624
918.799999999712,-1.107831263420
918.849999999712,-1.101326957249
918.899999999712,-1.093959267153
918.949999999712,-1.085733969024
918.999999999712,-1.076657511075
919.049999999712,-1.066737008783
919.099999999712,-1.055980239315
919.149999999712,-1.044395635427
919.199999999712,-1.031992278854
919.249999999712,-1.018779893194
919.299999999712,-1.004768836279
919.349999999712,-0.989970092060
919.399999999712,-0.974395261996
919.449999999712,-0.958056555955
919.499999999711,-0.940966782646
919.549999999711,-0.923139339575
919.599999999711,-0.904588202545
919.649999999711,-0.885327914698
919.699999999711,-0.865373575112
919.749999999711,-0.844740826967
919.799999999711,-0.823445845282
919.849999999711,-0.801505324231
919.899999999711,-0.778936464059
919.949999999711,-0.755756957596
919.999999999711,-0.731984976388
920.049999999711,-0.707639156451
920.099999999711,-0.682738583661
920.149999999711,-0.657302778791
920.199999999711,-0.631351682209
920.249999999711,-0.604905638246
920.299999999711,-0.577985379247
920.349999999711,-0.550612009314
920.399999999711,-0.522806987768
920.449999999711,-0.494592112322
920.499999999711,-0.465989501994
920.549999999711,-0.437021579763
920.599999999710,-0.407711054998
920.649999999710,-0.378080905649
920.699999999710,-0.348154360236
920.749999999710,-0.317954879636
920.799999999710,-0.287506138696
920.849999999710,-0.256832007670
920.899999999710,-0.225956533505
920.949999999710,-0.194903920990
920.999999999710,-0.163698513785
921.049999999710,-0.132364775330
921.099999999710,-0.100927269670
921.149999999710,-0.069410642201
921.199999999710,-0.037839600343
921.249999999710,-0.006238894177
921.299999999710,0.025366702963
921.349999999710,0.056952413907
921.399999999710,0.088493477075
921.449999999710,0.119965165891
921.499999999710,0.151342808160
921.549999999710,0.182601805420
921.599999999710,0.213717652217
921.649999999710,0.244665955322
921.699999999709,0.275422452849
921.749999999709,0.305963033281
921.799999999709,0.336263754365
921.849999999709,0.366300861890
921.899999999709,0.396050808301
921.949999999709,0.425490271164
921.999999999709,0.454596171448
922.049999999709,0.483345691618
922.099999999709,0.511716293523
922.149999999709,0.539685736064
922.199999999709,0.567232092630
922.249999999709,0.594333768290
922.299999999709,0.620969516717
922.349999999709,0.647118456848
922.399999999709,0.672760089255
922.449999999709,0.697874312211
922.499999999709,0.722441437451
922.549999999709,0.746442205608
922.599999999709,0.769857801308
922.649999999709,0.792669867924
922.699999999709,0.814860521964
922.749999999709,0.836412367092
922.799999999708,0.857308507766
922.849999999708,0.877532562480
922.899999999708,0.897068676613
922.949999999708,0.915901534852
922.999999999708,0.934016373199
923.049999999708,0.951398990550
923.099999999708,0.968035759823
923.149999999708,0.983913638643
923.199999999708,0.999020179567
923.249999999708,1.013343539840
923.299999999708,1.026872490681
923.349999999708,1.039596426085
923.399999999708,1.051505371140
923.449999999708,1.062589989842
923.499999999708,1.072841592417
923.549999999708,1.082252142135
923.599999999708,1.090814261607
923.649999999708,1.098521238569
923.699999999708,1.105367031146
923.749999999708,1.111346272588
923.799999999708,1.116454275475
923.849999999708,1.120687035395
923.899999999707,1.124041234081
923.949999999707,1.126514242012
923.999999999707,1.128104120478
924.049999999707,1.128809623095
924.099999999707,1.128630196785
924.149999999707,1.127565982210
924.199999999707,1.125617813658
924.249999999707,1.122787218394
924.299999999707,1.119076415460
924.349999999707,1.114488313936
924.399999999707,1.109026510658
924.449999999707,1.102695287399
924.499999999707,1.095499607516
924.549999999707,1.087445112051
924.599999999707,1.078538115318
924.649999999707,1.068785599945
924.699999999707,1.058195211405
924.749999999707,1.046775252019
924.799999999707,1.034534674452
924.849999999707,1.021483074689
924.899999999707,1.007630684516
924.949999999707,0.992988363498
924.999999999706,0.977567590463
925.049999999706,0.961380454508
925.099999999706,0.944439645518
925.149999999706,0.926758444221
925.199999999706,0.908350711772
925.249999999706,0.889230878891
925.299999999706,0.869413934547
925.349999999706,0.848915414210
925.399999999706,0.827751387669
925.449999999706,0.805938446438
925.499999999706,0.783493690745
925.549999999706,0.760434716129
925.599999999706,0.736779599645
925.649999999706,0.712546885693
925.699999999706,0.687755571479
925.749999999706,0.662425092124
925.799999999706,0.636575305427
925.849999999706,0.610226476295
925.899999999706,0.583399260861
925.949999999706,0.556114690289
925.999999999706,0.528394154283
926.049999999706,0.500259384325
926.099999999705,0.471732436633
926.149999999705,0.442835674873
926.199999999705,0.413591752626
926.249999999705,0.384023595629
926.299999999705,0.354154383802
926.349999999705,0.324007533079
926.399999999705,0.293606677045
926.449999999705,0.262975648415
926.499999999705,0.232138460346
926.549999999705,0.201119287614
926.599999999705,0.169942447663
926.649999999705,0.138632381536
926.699999999705,0.107213634724
926.749999999705,0.075710837913
926.799999999705,0.044148687683
926.849999999705,0.012551927143
926.899999999705,-0.019054673464
926.949999999705,-0.050646336184
926.999999999705,-0.082198294770
927.049999999705,-0.113685814103
927.099999999705,-0.145084209581
927.149999999705,-0.176368866470
927.199999999704,-0.207515259201
927.249999999704,-0.238498970598
927.299999999704,-0.269295711018
927.349999999704,-0.299881337394
927.399999999704,-0.330231872161
927.449999999704,-0.360323522055
927.499999999704,-0.390132696763
927.549999999704,-0.419636027420
927.599999999704,-0.448810384925
927.649999999704,-0.477632898076
927.699999999704,-0.506080971500
927.749999999704,-0.534132303363
927.799999999704,-0.561764902859
927.849999999704,-0.588957107444
927.899999999704,-0.615687599824
927.949999999704,-0.641935424660
927.999999999704,-0.667680005004
928.049999999704,-0.692901158423
928.099999999704,-0.717579112823
928.149999999704,-0.741694521954
928.199999999704,-0.765228480569
928.249999999704,-0.788162539250
928.299999999703,-0.810478718871
928.349999999703,-0.832159524688
928.399999999703,-0.853187960061
928.449999999703,-0.873547539774
928.499999999703,-0.893222302958
928.549999999703,-0.912196825608
928.599999999703,-0.930456232670
928.649999999703,-0.947986209703
928.699999999703,-0.964773014103
928.749999999703,-0.980803485876
928.799999999703,-0.996065057953
928.849999999703,-1.010545766043
928.899999999703,-1.024234258012
928.949999999703,-1.037119802785
928.999999999703,-1.049192298753
929.049999999703,-1.060442281699
929.099999999703,-1.070860932211
929.149999999703,-1.080440082603
929.199999999703,-1.089172223310
929.249999999703,-1.097050508781
929.299999999703,-1.104068762844
929.349999999703,-1.110221483547
929.399999999702,-1.115503847473
929.449999999702,-1.119911713519
929.499999999702,-1.123441626143
929.549999999702,-1.126090818074
929.599999999702,-1.127857212483
929.649999999702,-1.128739424606
929.699999999702,-1.128736762834
929.749999999702,-1.127849229254
929.799999999702,-1.126077519647
929.849999999702,-1.123423022942
929.899999999702,-1.119887820129
929.949999999702,-1.115474682625
929.999999999702,-1.110187070105
930.049999999702,-1.104029127786
930.099999999702,-1.097005683179
930.149999999702,-1.089122242304
930.199999999702,-1.080384985377
930.249999999702,-1.070800761959
930.299999999702,-1.060377085589
930.349999999702,-1.049122127897
930.399999999702,-1.037044712193
930.449999999702,-1.024154306552
930.499999999701,-1.010461016391
930.549999999701,-0.995975576550
930.599999999701,-0.980709342870
930.649999999701,-0.964674283298
930.699999999701,-0.947882968498
930.749999999701,-0.930348562001
930.799999999701,-0.912084809884
930.849999999701,-0.893106029993
930.899999999701,-0.873427100720
930.949999999701,-0.853063449337
930.999999999701,-0.832031039903
931.049999999701,-0.810346360750
931.099999999701,-0.788026411557
931.149999999701,-0.765088690019
931.199999999701,-0.741551178137
931.249999999701,-0.717432328113
931.299999999701,-0.692751047891
931.349999999701,-0.667526686330
931.399999999701,-0.641779018037
931.449999999701,-0.615528227867
931.499999999701,-0.588794895093
931.549999999701,-0.561599977279
931.599999999700,-0.533964793848
931.649999999700,-0.505911009369
931.699999999700,-0.477460616571
931.749999999700,-0.448635919105
931.799999999700,-0.419459514058
931.849999999700,-0.389954274236
931.899999999700,-0.360143330237
931.949999999700,-0.330050052313
931.999999999700,-0.299698032054
932.049999999700,-0.269111063888
932.099999999700,-0.238313126432
932.149999999700,-0.207328363691
932.199999999700,-0.176181066132
932.249999999700,-0.144895651642
932.299999999700,-0.113496646382
932.349999999700,-0.082008665565
932.399999999700,-0.050456394154
932.449999999700,-0.018864567515
932.499999999700,0.012742047979
932.549999999700,0.044338674360
932.599999999700,0.075900541492
932.649999999700,0.107402906486
932.699999999699,0.138821073103
932.749999999699,0.170130411109
932.799999999699,0.201306375587
932.849999999699,0.232324526177
932.899999999699,0.263160546239
932.949999999699,0.293790261911
932.999999999699,0.324189661066
933.049999999699,0.354334912131
933.099999999699,0.384202382775
933.149999999699,0.413768658429
933.199999999699,0.443010560648
933.249999999699,0.471905165279
933.299999999699,0.500429820431
933.349999999699,0.528562164236
933.399999999699,0.556280142377
933.449999999699,0.583562025379
933.499999999699,0.610386425643
933.549999999699,0.636732314214
933.599999999699,0.662579037263
933.649999999699,0.687906332285
933.699999999699,0.712694343977
933.749999999699,0.736923639807
933.799999999698,0.760575225249
933.849999999698,0.783630558671
933.899999999698,0.806071565872
933.949999999698,0.827880654253
933.999999999698,0.849040726605
934.049999999698,0.869535194515
934.099999999698,0.889347991371
934.149999999698,0.908463584953
934.199999999698,0.926866989616
934.249999999698,0.944543778034
934.299999999698,0.961480092509
934.349999999698,0.977662655839
934.399999999698,0.993078781722
934.449999999698,1.007716384706
934.499999999698,1.021563989660
934.549999999698,1.034610740770
934.599999999698,1.046846410052
934.649999999698,1.058261405368
934.699999999698,1.068846777947
934.749999999698,1.078594229398
934.799999999698,1.087496118218
934.849999999698,1.095545465784
934.899999999697,1.102735961818
934.949999999697,1.109061969340
934.999999999697,1.114518529085
935.049999999697,1.119101363388
935.099999999697,1.122806879543
935.149999999697,1.125632172614
935.199999999697,1.127575027717
935.249999999697,1.128633921752
935.299999999697,1.128808024602
935.349999999697,1.128097199778
935.399999999697,1.126502004530
935.449999999697,1.124023689410
935.499999999697,1.120664197290
935.549999999697,1.116426161840
935.599999999697,1.111312905463
935.649999999697,1.105328436688
935.699999999697,1.098477447035
935.749999999697,1.090765307327
935.799999999697,1.082198063487
935.849999999697,1.072782431795
935.899999999697,1.062525793625
935.949999999697,1.051436189655
935.999999999696,1.039522313568
936.049999999696,1.026793505230
936.099999999696,1.013259743377
936.149999999696,0.998931637784
936.199999999696,0.983820420953
936.249999999696,0.967937939302
936.299999999696,0.951296643885
936.349999999696,0.933909580625
936.399999999696,0.915790380088
936.449999999696,0.896953246800
936.499999999696,0.877412948109
936.549999999696,0.857184802607
936.599999999696,0.836284668125
936.649999999696,0.814728929298
936.699999999696,0.792534484720
936.749999999696,0.769718733701
936.799999999696,0.746299562619
936.849999999696,0.722295330905
936.899999999696,0.697724856648
936.949999999696,0.672607401840
936.999999999696,0.646962657281
937.049999999696,0.620810727136
937.099999999695,0.594172113178
937.149999999695,0.567067698718
937.199999999695,0.539518732226
937.249999999695,0.511546810683
937.299999999695,0.483173862642
937.349999999695,0.454422131041
937.399999999695,0.425314155764
937.449999999695,0.395872755974
937.499999999695,0.366121012219
937.549999999695,0.336082248344
937.599999999695,0.305780013200
937.649999999695,0.275238062188
937.699999999695,0.244480338633
937.749999999695,0.213530955015
937.799999999695,0.182414174065
937.849999999695,0.151154389746
937.899999999695,0.119776108127
937.949999999695,0.088303928175
937.999999999695,0.056762522465
938.049999999695,0.025176617846
938.099999999695,-0.006429023953
938.149999999695,-0.038029625725
938.199999999694,-0.069600414220
938.249999999694,-0.101116639554
938.299999999694,-0.132553594622
938.349999999694,-0.163886634461
938.399999999694,-0.195091195573
938.449999999694,-0.226142815181
938.499999999694,-0.257017150404
938.549999999694,-0.287689997346
938.599999999694,-0.318137310066
938.649999999694,-0.348335219429
938.699999999694,-0.378260051822
938.749999999694,-0.407888347709
938.799999999694,-0.437196880023
938.849999999694,-0.466162672377
938.899999999694,-0.494763017072
938.949999999694,-0.522975492904
938.999999999694,-0.550777982736
939.049999999694,-0.578148690840
939.099999999694,-0.605066159984
939.149999999694,-0.631509288249
939.199999999694,-0.657457345579
939.249999999694,-0.682889990024
939.299999999693,-0.707787283695
939.349999999693,-0.732129708389
939.399999999693,-0.755898180891
939.449999999693,-0.779074067936
939.499999999693,-0.801639200816
939.549999999693,-0.823575889622
939.599999999693,-0.844866937115
939.649999999693,-0.865495652203
939.699999999693,-0.885445863030
939.749999999693,-0.904701929653
939.799999999693,-0.923248756302
939.849999999693,-0.941071803215
939.899999999693,-0.958157098036
939.949999999693,-0.974491246769
939.999999999693,-0.990061444278
940.049999999693,-1.004855484326
940.099999999693,-1.018861769143
940.149999999693,-1.032069318518
940.199999999693,-1.044467778411
940.249999999693,-1.056047429063
940.299999999693,-1.066799192621
940.349999999692,-1.076714640254
940.399999999692,-1.085785998758
940.449999999692,-1.094006156653
940.499999999692,-1.101368669756
940.549999999692,-1.107867766234
940.599999999692,-1.113498351128
940.649999999692,-1.118256010349
940.699999999692,-1.122137014134
940.749999999692,-1.125138319976
940.799999999692,-1.127257575005
940.849999999692,-1.128493117834
940.899999999692,-1.128843979859
940.949999999692,-1.128309886023
940.999999999692,-1.126891255029
941.049999999692,-1.124589199011
941.099999999692,-1.121405522661
941.149999999692,-1.117342721821
941.199999999692,-1.112403981516
941.249999999692,-1.106593173468
941.299999999692,-1.099914853051
941.349999999692,-1.092374255727
941.399999999692,-1.083977292938
941.449999999691,-1.074730547473
941.499999999691,-1.064641268306
941.549999999691,-1.053717364916
941.599999999691,-1.041967401083
941.649999999691,-1.029400588177
941.699999999691,-1.016026777936
941.749999999691,-1.001856454742
941.799999999691,-0.986900727402
941.849999999691,-0.971171320441
941.899999999691,-0.954680564909
941.949999999691,-0.937441388712
941.999999999691,-0.919467306482
942.049999999691,-0.900772408979
942.099999999691,-0.881371352045
942.149999999691,-0.861279345115
942.199999999691,-0.840512139293
942.249999999691,-0.819086015005
942.299999999691,-0.797017769234
942.349999999691,-0.774324702356
942.399999999691,-0.751024604572
942.449999999691,-0.727135741965
942.499999999691,-0.702676842181
942.549999999690,-0.677667079744
942.599999999690,-0.652126061026
942.649999999690,-0.626073808878
942.699999999690,-0.599530746931
942.749999999690,-0.572517683587
942.799999999690,-0.545055795704
942.849999999690,-0.517166611994
942.899999999690,-0.488871996150
942.949999999690,-0.460194129700
942.999999999690,-0.431155494624
943.049999999690,-0.401778855725
943.099999999690,-0.372087242781
943.149999999690,-0.342103932497
943.199999999690,-0.311852430253
943.249999999690,-0.281356451677
943.299999999690,-0.250639904054
943.349999999690,-0.219726867583
943.399999999690,-0.188641576503
943.449999999690,-0.157408400089
943.499999999690,-0.126051823552
943.549999999690,-0.094596428841
943.599999999690,-0.063066875376
943.649999999689,-0.031487880710
943.699999999689,0.000115798841
943.749999999689,0.031719387611
943.799999999689,0.063298110007
943.849999999689,0.094827209926
943.899999999689,0.126281970170
943.949999999689,0.157637731818
943.999999999689,0.188869913558
944.049999999689,0.219954030959
944.099999999689,0.250865715667
944.149999999689,0.281580734502
944.199999999689,0.312075008464
944.249999999689,0.342324631605
944.299999999689,0.372305889768
944.349999999689,0.401995279182
944.399999999689,0.431369524888
944.449999999689,0.460405598982
944.499999999689,0.489080738667
944.549999999689,0.517372464105
944.599999999689,0.545258596030
944.649999999689,0.572717273144
944.699999999689,0.599726969251
944.749999999688,0.626266510131
944.799999999688,0.652315090145
944.849999999688,0.677852288540
944.899999999688,0.702858085461
944.949999999688,0.727312877643
944.999999999688,0.751197493781
945.049999999688,0.774493209561
945.099999999688,0.797181762334
945.149999999688,0.819245365437
945.199999999688,0.840666722136
945.249999999688,0.861429039183
945.299999999688,0.881516039986
945.349999999688,0.900911977364
945.399999999688,0.919601645897
945.449999999688,0.937570393842
945.499999999688,0.954804134620
945.549999999688,0.971289357862
945.599999999688,0.987013139997
945.649999999688,1.001963154385
945.699999999688,1.016127680980
945.749999999688,1.029495615520
945.799999999688,1.042056478227
945.849999999687,1.053800422030
945.899999999687,1.064718240278
945.949999999687,1.074801373960
945.999999999687,1.084041918416
946.049999999687,1.092432629533
946.099999999687,1.099966929423
946.149999999687,1.106638911580
946.199999999687,1.112443345513
946.249999999687,1.117375680842
946.299999999687,1.121432050869
946.349999999687,1.124609275608
946.399999999687,1.126904864278
946.449999999687,1.128317017254
946.499999999687,1.128844627481
946.549999999687,1.128487281339
946.599999999687,1.127245258970
946.649999999687,1.125119534056
946.699999999687,1.122111773055
946.749999999687,1.118224333899
946.799999999687,1.113460264140
946.849999999687,1.107823298566
946.899999999687,1.101317856269
946.949999999686,1.093949037181
946.999999999686,1.085722618081
947.049999999686,1.076645048059
947.099999999686,1.066723443464
947.149999999686,1.055965582328
947.199999999686,1.044379898262
947.249999999686,1.031975473848
947.299999999686,1.018762033521
947.349999999686,1.004749935941
947.399999999686,0.989950165874
947.449999999686,0.974374325582
947.499999999686,0.958034625727
947.549999999686,0.940943875795
947.599999999686,0.923115474060
947.649999999686,0.904563397075
947.699999999686,0.885302188719
947.749999999686,0.865346948792
947.799999999686,0.844713321180
947.849999999686,0.823417481591
947.899999999686,0.801476124871
947.949999999686,0.778906451921
947.999999999686,0.755726156208
948.049999999685,0.731953409898
948.099999999685,0.707606849604
948.149999999685,0.682705561784
948.199999999685,0.657269067772
948.249999999685,0.631317308476
948.299999999685,0.604870628746
948.349999999685,0.577949761425
948.399999999685,0.550575811093
948.449999999685,0.522770237526
948.499999999685,0.494554838869
948.549999999685,0.465951734549
948.599999999685,0.436983347936
948.649999999685,0.407672388760
948.699999999685,0.378041835312
948.749999999685,0.348114916429
948.799999999685,0.317915093282
948.849999999685,0.287466040985
948.899999999685,0.256791630036
948.949999999685,0.225915907602
948.999999999685,0.194863078668
949.049999999685,0.163657487061
949.099999999685,0.132323596366
949.149999999684,0.100885970750
949.199999999684,0.069369255700
949.249999999684,0.037798158707
949.299999999684,0.006197429893
949.349999999684,-0.025408157388
949.399999999684,-0.056993825976
949.449999999684,-0.088534814323
949.499999999684,-0.120006395910
949.549999999684,-0.151383898630
949.599999999684,-0.182642724127
949.649999999684,-0.213758367083
949.699999999684,-0.244706434428
949.749999999684,-0.275462664463
949.799999999684,-0.306002945877
949.849999999684,-0.336303336656
949.899999999684,-0.366340082844
949.949999999684,-0.396089637171
949.999999999684,-0.425528677510
950.049999999684,-0.454634125162
950.099999999684,-0.483383162946
950.149999999684,-0.511753253089
950.199999999684,-0.539722154894
950.249999999683,-0.567267942173
950.299999999683,-0.594369020442
950.349999999683,-0.621004143842
950.399999999683,-0.647152431801
950.449999999683,-0.672793385401
950.499999999683,-0.697906903447
950.549999999683,-0.722473298228
950.599999999683,-0.746473310948
950.649999999683,-0.769888126826
950.699999999683,-0.792699389847
950.749999999683,-0.814889217148
950.799999999683,-0.836440213041
950.849999999683,-0.857335482650
950.899999999683,-0.877558645153
950.949999999683,-0.897093846627
950.999999999683,-0.915925772475
951.049999999683,-0.934039659430
951.099999999683,-0.951421307134
951.149999999683,-0.968057089265
951.199999999683,-0.983933964222
951.249999999683,-0.999039485348
951.299999999683,-1.013361810688
951.349999999682,-1.026889712273
951.399999999682,-1.039612584921
951.449999999682,-1.051520454552
951.499999999682,-1.062603986005
951.549999999682,-1.072854490359
951.599999999682,-1.082263931745
951.649999999682,-1.090824933641
951.699999999682,-1.098530784662
951.749999999682,-1.105375443814
951.799999999682,-1.111353545236
951.849999999682,-1.116460402402
951.899999999682,-1.120692011797
951.949999999682,-1.124045056057
951.999999999682,-1.126516906566
952.049999999682,-1.128105625521
952.099999999682,-1.128809967448
952.149999999682,-1.128629380177
952.199999999682,-1.127564005281
952.249999999682,-1.125614677958
952.299999999682,-1.122782926382
952.349999999682,-1.119070970500
952.399999999682,-1.114481720296
952.449999999681,-1.109018773508
952.499999999681,-1.102686412805
952.549999999681,-1.095489602434
952.599999999681,-1.087433984325
952.649999999681,-1.078525873671
952.699999999681,-1.068772253975
952.749999999681,-1.058180771574
952.799999999681,-1.046759729647
952.849999999681,-1.034518081708
952.899999999681,-1.021465424581
952.949999999681,-1.007611990880
952.999999999681,-0.992968640989
953.049999999681,-0.977546854542
953.099999999681,-0.961358721432
953.149999999681,-0.944416932325
953.199999999681,-0.926734768716
953.249999999681,-0.908326092516
953.299999999681,-0.889205335183
953.349999999681,-0.869387486413
953.399999999681,-0.848888082384
953.449999999681,-0.827723193578
953.499999999681,-0.805909412184
953.549999999680,-0.783463839090
953.599999999680,-0.760404070474
953.649999999680,-0.736748184016
953.699999999680,-0.712514724718
953.749999999680,-0.687722690370
953.799999999680,-0.662391516658
953.849999999680,-0.636541061925
953.899999999680,-0.610191591603
953.949999999680,-0.583363762327
953.999999999680,-0.556078605742
954.049999999680,-0.528357512011
954.099999999680,-0.500222213054
954.149999999680,-0.471694765503
954.199999999680,-0.442797533417
954.249999999680,-0.413553170744
954.299999999680,-0.383984603567
954.349999999680,-0.354115012129
954.399999999680,-0.323967812660
954.449999999680,-0.293566639018
954.499999999680,-0.262935324169
954.549999999680,-0.232097881492
954.599999999680,-0.201078485965
954.649999999679,-0.169901455204
954.699999999679,-0.138591230404
954.749999999679,-0.107172357178
954.799999999679,-0.075669466314
954.849999999679,-0.044107254464
954.899999999679,-0.012510464785
954.949999999679,0.019096132457
954.999999999679,0.050687759309
955.049999999679,0.082239649554
955.099999999679,0.113727068126
955.149999999679,0.145125330502
955.199999999679,0.176409822053
955.249999999679,0.207556017338
955.299999999679,0.238539499337
955.349999999679,0.269335978586
955.399999999679,0.299921312224
955.449999999679,0.330271522915
955.499999999679,0.360362817648
955.549999999679,0.390171606390
955.599999999679,0.419674520577
955.649999999679,0.448848431436
955.699999999679,0.477670468114
955.749999999678,0.506118035612
955.799999999678,0.534168832494
955.849999999678,0.561800868370
955.899999999678,0.588992481142
955.949999999678,0.615722353976
955.999999999678,0.641969532022
956.049999999678,0.667713438837
956.099999999678,0.692933892516
956.149999999678,0.717611121515
956.199999999678,0.741725780151
956.249999999678,0.765258963767
956.299999999678,0.788192223551
956.349999999678,0.810507581004
956.399999999678,0.832187542027
956.449999999678,0.853215110642
956.499999999678,0.873573802312
956.549999999678,0.893247656865
956.599999999678,0.912221251007
956.649999999678,0.930479710413
956.699999999678,0.948008721385
956.749999999678,0.964794542076
956.799999999678,0.980824013263
956.849999999677,0.996084568661
956.899999999677,1.010564244777
956.949999999677,1.024251690287
956.999999999677,1.037136174933
957.049999999677,1.049207597940
957.099999999677,1.060456495931
957.149999999677,1.070874050345
957.199999999677,1.080452094355
957.249999999677,1.089183119263
957.299999999677,1.097060280393
957.349999999677,1.104077402455
957.399999999677,1.110228984385
957.449999999677,1.115510203656
957.499999999677,1.119916920064
957.549999999677,1.123445678970
957.599999999677,1.126093714005
957.649999999677,1.127858949248
957.699999999677,1.128740000843
957.749999999677,1.128736178091
957.799999999677,1.127847483990
957.849999999677,1.126074615230
957.899999999677,1.123418961649
957.949999999676,1.119882605143
957.999999999676,1.115468318036
958.049999999676,1.110179560901
958.099999999676,1.104020479854
958.149999999676,1.096995903299
958.199999999676,1.089111338144
958.249999999676,1.080372965483
958.299999999676,1.070787635755
958.349999999676,1.060362863366
958.399999999676,1.049106820804
958.449999999676,1.037028332229
958.499999999676,1.024136866559
958.549999999676,1.010442530042
958.599999999676,0.995956058335
958.649999999676,0.980688808092
958.699999999676,0.964652748055
958.749999999676,0.947860449672
958.799999999676,0.930325077246
958.849999999676,0.912060377611
958.899999999676,0.893080669356
958.949999999676,0.873400831599
958.999999999676,0.853036292327
959.049999999675,0.832003016293
959.099999999675,0.810317492510
959.149999999675,0.787996721317
959.199999999675,0.765058201056
959.249999999675,0.741519914351
959.299999999675,0.717400314014
959.349999999675,0.692718308577
959.399999999675,0.667493247466
959.449999999675,0.641744905838
959.499999999675,0.615493469075
959.549999999675,0.588759516957
959.599999999675,0.561564007534
959.649999999675,0.533928260693
959.699999999675,0.505873941443
959.749999999675,0.477423042934
959.799999999675,0.448597869212
959.849999999675,0.419421017739
959.899999999675,0.389915361670
959.949999999675,0.360104031929
959.999999999675,0.330010399072
960.049999999675,0.299658054965
960.099999999675,0.269070794291
960.149999999674,0.238272595897
960.199999999674,0.207287603991
960.249999999674,0.176140109221
960.299999999674,0.144854529628
960.349999999674,0.113455391503
960.399999999674,0.081967310162
960.449999999674,0.050414970648
960.499999999674,0.018823108379
960.549999999674,-0.012783510242
960.599999999674,-0.044380107246
960.649999999674,-0.075941912519
960.699999999674,-0.107444183223
960.749999999674,-0.138862223190
960.799999999674,-0.170171402287
960.849999999674,-0.201347175720
960.899999999674,-0.232365103281
960.949999999674,-0.263200868502
960.999999999674,-0.293830297724
961.049999999674,-0.324229379042
961.099999999674,-0.354374281134
961.149999999674,-0.384241371941
961.199999999674,-0.413807237193
961.249999999673,-0.443048698766
961.299999999673,-0.471942832853
961.349999999673,-0.500466987931
961.399999999673,-0.528598802525
961.449999999673,-0.556316222732
961.499999999673,-0.583597519516
961.549999999673,-0.610421305735
961.599999999673,-0.636766552917
961.649999999673,-0.662612607737
961.699999999673,-0.687939208211
961.749999999673,-0.712726499582
961.799999999673,-0.736955049884
961.849999999673,-0.760605865173
961.899999999673,-0.783660404422
961.949999999673,-0.806100594053
961.999999999673,-0.827908842106
962.049999999673,-0.849068052033
962.099999999673,-0.869561636097
962.149999999673,-0.889373528377
962.199999999673,-0.908488197364
962.249999999673,-0.926890658137
962.299999999673,-0.944566484110
962.349999999672,-0.961501818339
962.399999999672,-0.977683384392
962.449999999672,-0.993098496747
962.499999999672,-1.007735070748
962.549999999672,-1.021581632070
962.599999999672,-1.034627325717
962.649999999672,-1.046861924535
962.699999999672,-1.058275837224
962.749999999672,-1.068860115862
962.799999999672,-1.078606462916
962.849999999672,-1.087507237749
962.899999999672,-1.095555462610
962.949999999672,-1.102744828102
962.999999999672,-1.109069698132
963.049999999672,-1.114525114325
963.099999999672,-1.119106799915
963.149999999672,-1.122811163094
963.199999999672,-1.125635299831
963.249999999672,-1.127576996148
963.299999999672,-1.128634729855
963.349999999672,-1.128807671743
963.399999999672,-1.128095686233
963.449999999671,-1.126499331486
963.499999999671,-1.124019858963
963.549999999671,-1.120659212443
963.599999999671,-1.116420026500
963.649999999671,-1.111305624439
963.699999999671,-1.105320015690
963.749999999671,-1.098467892663
963.799999999671,-1.090754627072
963.849999999671,-1.082186265722
963.899999999671,-1.072769525769
963.949999999671,-1.062511789455
963.999999999671,-1.051421098319
964.049999999671,-1.039506146897
964.099999999671,-1.026776275899
964.149999999671,-1.013241464892
964.199999999671,-0.998912324475
964.249999999671,-0.983800087959
964.299999999671,-0.967916602565
964.349999999671,-0.951274320132
964.399999999671,-0.933886287355
964.449999999671,-0.915766135563
964.499999999671,-0.896928070026
964.549999999670,-0.877386858823
964.599999999670,-0.857157821263
964.649999999670,-0.836256815874
964.699999999670,-0.814700227974
964.749999999670,-0.792504956825
964.799999999670,-0.769688402382
964.849999999670,-0.746268451654
964.899999999670,-0.722263464685
964.949999999670,-0.697692260153
964.999999999670,-0.672574100625
965.049999999670,-0.646928677452
965.099999999670,-0.620776095331
965.149999999670,-0.594136856548
965.199999999670,-0.567031844901
965.249999999670,-0.539482309330
965.299999999670,-0.511509847262
965.349999999670,-0.483136387673
965.399999999670,-0.454384173902
965.449999999670,-0.425275746212
965.499999999670,-0.395833924120
965.549999999670,-0.366081788506
965.599999999670,-0.336042663520
965.649999999669,-0.305740098299
965.699999999669,-0.275197848500
965.749999999669,-0.244439857684
965.799999999669,-0.213490238539
965.849999999669,-0.182373253983
965.899999999669,-0.151113298136
965.949999999669,-0.119734877204
965.999999999669,-0.088262590261
966.049999999669,-0.056721109968
966.099999999669,-0.025135163230
966.149999999669,0.006470488189
966.199999999669,0.038071067076
966.249999999669,0.069641800196
966.299999999669,0.101157937713
966.349999999669,0.132594772587
966.399999999669,0.163927659952
966.449999999669,0.195132036427
966.499999999669,0.226183439380
966.549999999669,0.257057526102
966.599999999669,0.287730092890
966.649999999669,0.318177094023
966.699999999669,0.348374660611
966.749999999668,0.378299119309
966.799999999668,0.407927010874
966.849999999668,0.437235108556
966.899999999668,0.466200436308
966.949999999668,0.494800286797
966.999999999668,0.523012239205
967.049999999668,0.550814176806
967.099999999668,0.578184304306
967.149999999668,0.605101164925
967.199999999668,0.631543657224
967.249999999668,0.657491051643
967.299999999668,0.682923006755
967.349999999668,0.707819585209
967.399999999668,0.732161269362
967.449999999668,0.755928976582
967.499999999668,0.779104074203
967.549999999668,0.801668394135
967.599999999668,0.823604247107
967.649999999668,0.844894436535
967.699999999668,0.865522272001
967.749999999668,0.885471582336
967.799999999668,0.904726728306
967.849999999667,0.923272614860
967.899999999667,0.941094702974
967.949999999667,0.958179021044
967.999999999667,0.974512175840
968.049999999667,0.990081363004
968.099999999667,1.004874377092
968.149999999667,1.018879621137
968.199999999667,1.032086115747
968.249999999667,1.044483507705
968.299999999667,1.056062078092
968.349999999667,1.066812749901
968.399999999667,1.076727095156
968.449999999667,1.085797341518
968.499999999667,1.094016378380
968.549999999667,1.101377762436
968.599999999667,1.107875722739
968.649999999667,1.113505165220
968.699999999667,1.118261676686
968.749999999667,1.122141528275
968.799999999667,1.125141678382
968.849999999667,1.127259775042
968.899999999667,1.128494157778
968.949999999666,1.128843858895
968.999999999666,1.128308604246
969.049999999666,1.126888813443
969.099999999666,1.124585599530
969.149999999666,1.121400768107
969.199999999666,1.117336815921
969.249999999666,1.112396928902
969.299999999666,1.106584979667
969.349999999666,1.099905524487
969.399999999666,1.092363799713
969.449999999666,1.083965717671
969.499999999666,1.074717862027
969.549999999666,1.064627482626
969.599999999666,1.053702489809
969.649999999666,1.041951448211
969.699999999666,1.029383570046
969.749999999666,1.016008707887
969.799999999666,1.001837346941
969.849999999666,0.986880596830
969.899999999666,0.971150182878
969.949999999666,0.954658436925
969.999999999666,0.937418287656
970.049999999665,0.919443250463
970.099999999665,0.900747416856
970.149999999665,0.881345443410
970.199999999665,0.861252540280
970.249999999665,0.840484459271
970.299999999665,0.819057481495
970.349999999665,0.796988404606
970.399999999665,0.774294529630
970.449999999665,0.750993647402
970.499999999665,0.727104024620
970.549999999665,0.702644389525
970.599999999665,0.677633917219
970.649999999665,0.652092214629
970.699999999665,0.626039305144
970.749999999665,0.599495612908
970.799999999665,0.572481946819
970.849999999665,0.545019484206
970.899999999665,0.517129754233
970.949999999665,0.488834621020
970.999999999665,0.460156266502
971.049999999665,0.431117173041
971.099999999665,0.401740105798
971.149999999664,0.372048094889
971.199999999664,0.342064417329
971.249999999664,0.311812578788
971.299999999664,0.281316295155
971.349999999664,0.250599473956
971.399999999664,0.219686195605
971.449999999664,0.188600694530
971.499999999664,0.157367340169
971.549999999664,0.126010617875
971.599999999664,0.094555109710
971.649999999664,0.063025475183
971.699999999664,0.031446431911
971.749999999664,-0.000157263753
971.799999999664,-0.031760836130
971.849999999664,-0.063339509639
971.899999999664,-0.094868528216
971.949999999664,-0.126323174726
971.999999999664,-0.157678790338
972.049999999664,-0.188910793854
972.099999999664,-0.219994700983
972.149999999664,-0.250906143536
972.199999999664,-0.281620888523
972.249999999663,-0.312114857158
972.299999999663,-0.342364143732
972.349999999663,-0.372345034353
972.399999999663,-0.402034025538
972.449999999663,-0.431407842640
972.499999999663,-0.460443458090
972.549999999663,-0.489118109452
972.599999999663,-0.517409317270
972.649999999663,-0.545294902684
972.699999999663,-0.572753004825
972.749999999663,-0.599762097946
972.799999999663,-0.626301008302
972.849999999663,-0.652348930747
972.899999999663,-0.677885445043
972.949999999663,-0.702890531872
972.999999999663,-0.727344588526
973.049999999663,-0.751228444277
973.099999999663,-0.774523375406
973.149999999663,-0.797211119879
973.199999999663,-0.819273891668
973.249999999663,-0.840694394689
973.299999999663,-0.861455836365
973.349999999662,-0.881541940788
973.399999999662,-0.900936961483
973.449999999662,-0.919625693746
973.499999999662,-0.937593486568
973.549999999662,-0.954826254121
973.599999999662,-0.971310486796
973.649999999662,-0.987033261800
973.699999999662,-1.001982253283
973.749999999662,-1.016145742001
973.799999999662,-1.029512624504
973.849999999662,-1.042072421841
973.899999999662,-1.053815287774
973.949999999662,-1.064732016498
973.999999999662,-1.074814049856
974.049999999662,-1.084053484052
974.099999999662,-1.092443075841
974.149999999662,-1.099976248214
974.199999999662,-1.106647095549
974.249999999662,-1.112450388243
974.299999999662,-1.117381576813
974.349999999662,-1.121436795459
974.399999999662,-1.124612865097
974.449999999661,-1.126907295852
974.499999999661,-1.128318289006
974.549999999661,-1.128844738415
974.599999999661,-1.128486231368
974.649999999661,-1.127243048917
974.699999999661,-1.125116165653
974.749999999661,-1.122107248944
974.799999999661,-1.118218657625
974.849999999661,-1.113453440155
974.899999999661,-1.107815332218
974.949999999661,-1.101308753803
974.999999999661,-1.093938805734
975.049999999661,-1.085711265673
975.099999999661,-1.076632583590
975.149999999661,-1.066709876706
975.199999999661,-1.055950923916
975.249999999661,-1.044364159688
975.299999999661,-1.031958667450
975.349999999661,-1.018744172474
975.399999999661,-1.004731034247
975.449999999661,-0.989930238352
975.499999999661,-0.974353387854
975.549999999660,-0.958012694206
975.599999999660,-0.940920967675
975.649999999660,-0.923091607300
975.699999999660,-0.904538590385
975.749999999660,-0.885276461546
975.799999999660,-0.865320321304
975.849999999660,-0.844685814253
975.899999999660,-0.823389116788
975.949999999660,-0.801446924430
975.999999999660,-0.778876438732
976.049999999660,-0.755695353801
976.099999999660,-0.731921842420
976.149999999660,-0.707574541802
976.199999999660,-0.682672538986
976.249999999660,-0.657235355866
976.299999999660,-0.631282933891
976.349999999660,-0.604835618430
976.399999999660,-0.577914142823
976.449999999660,-0.550539612129
976.499999999660,-0.522733486578
976.549999999660,-0.494517564748
976.599999999660,-0.465913966477
976.649999999659,-0.436945115520
976.699999999659,-0.407633721972
976.749999999659,-0.378002764466
976.799999999659,-0.348075472153
976.849999999659,-0.317875306499
976.899999999659,-0.287425942886
976.949999999659,-0.256751252055
976.999999999659,-0.225875281394
977.049999999659,-0.194822236082
977.099999999659,-0.163616460115
977.149999999659,-0.132282417224
977.199999999659,-0.100844671694
977.249999999659,-0.069327869106
977.299999999659,-0.037756717020
977.349999999659,-0.006155965601
977.399999999659,0.025449611779
977.449999999659,0.057035237967
977.499999999659,0.088576151450
977.549999999659,0.120047625767
977.599999999659,0.151424988895
977.649999999659,0.182683642587
977.699999999659,0.213799081660
977.749999999658,0.244746913204
977.799999999658,0.275502875704
977.849999999658,0.306042858061
977.899999999658,0.336342918492
977.949999999658,0.366379303303
977.999999999658,0.396128465506
978.049999999658,0.425567083282
978.099999999658,0.454672078262
978.149999999658,0.483420633621
978.199999999658,0.511790211964
978.249999999658,0.539758572995
978.299999999658,0.567303790951
978.349999999658,0.594404271792
978.399999999658,0.621038770130
978.449999999658,0.647186405881
978.499999999658,0.672826680639
978.549999999658,0.697939493742
978.599999999658,0.722505158029
978.649999999658,0.746504415280
978.699999999658,0.769918451305
978.749999999658,0.792728910700
978.799999999658,0.814917911232
978.849999999657,0.836468057861
978.899999999657,0.857362456378
978.949999999657,0.877584726642
978.999999999657,0.897119015431
979.049999999657,0.915950008862
979.099999999657,0.934062944401
979.149999999657,0.951443622435
979.199999999657,0.968078417401
979.249999999657,0.983954288473
979.299999999657,0.999058789781
979.349999999657,1.013380080170
979.399999999657,1.026906932481
979.449999999657,1.039628742355
979.499999999657,1.051535536545
979.549999999657,1.062617980734
979.599999999657,1.072867386853
979.649999999657,1.082275719894
979.699999999657,1.090835604204
979.749999999657,1.098540329273
979.799999999657,1.105383854991
979.849999999657,1.111360816385
979.899999999657,1.116466527822
979.949999999656,1.120696986687
979.999999999656,1.124048876517
980.049999999656,1.126519569601
980.099999999656,1.128107129043
980.149999999656,1.128810310277
980.199999999656,1.128628562046
980.249999999656,1.127562026830
980.299999999656,1.125611540739
980.349999999656,1.122778632854
980.399999999656,1.119065524030
980.449999999656,1.114475125153
980.499999999656,1.109011034862
980.549999999656,1.102677536723
980.599999999656,1.095479595874
980.649999999656,1.087422855132
980.699999999656,1.078513630570
980.749999999656,1.068758906563
980.799999999656,1.058166330315
980.849999999656,1.046744205863
980.899999999656,1.034501487568
980.949999999656,1.021447773094
980.999999999656,1.007593295885
981.049999999655,0.992948917140
981.099999999655,0.977526117303
981.149999999655,0.961336987059
981.199999999655,0.944394217857
981.249999999655,0.926711091960
981.299999999655,0.908301472034
981.349999999655,0.889179790276
981.399999999655,0.869361037106
981.449999999655,0.848860749412
981.499999999655,0.827694998369
981.549999999655,0.805880376842
981.599999999655,0.783433986377
981.649999999655,0.760373423794
981.699999999655,0.736716767393
981.749999999655,0.712482562780
981.799999999655,0.687689808332
981.849999999655,0.662357940298
981.899999999655,0.636506817565
981.949999999655,0.610156706088
981.999999999655,0.583328263006
982.049999999655,0.556042520444
982.099999999655,0.528320869027
982.149999999654,0.500185041108
982.199999999654,0.471657093737
982.249999999654,0.442759391363
982.299999999654,0.413514588304
982.349999999654,0.383945610988
982.399999999654,0.354075639979
982.449999999654,0.323928091804
982.499999999654,0.293526600596
982.549999999654,0.262894999568
982.599999999654,0.232057302326
982.649999999654,0.201037684044
982.699999999654,0.169860462516
982.749999999654,0.138550079085
982.799999999654,0.107131079489
982.849999999654,0.075628094613
982.899999999654,0.044065821185
982.949999999654,0.012469002411
982.999999999654,-0.019137591423
983.049999999654,-0.050729182365
983.099999999654,-0.082281004227
983.149999999654,-0.113768321996
983.199999999654,-0.145166451228
983.249999999653,-0.176450777397
983.299999999653,-0.207596775195
983.349999999653,-0.238580027754
983.399999999653,-0.269376245791
983.449999999653,-0.299961286649
983.499999999653,-0.330311173223
983.549999999653,-0.360402112755
983.599999999653,-0.390210515490
983.649999999653,-0.419713013168
983.699999999653,-0.448886477341
983.749999999653,-0.477708037508
983.799999999653,-0.506155099042
983.849999999653,-0.534205360904
983.899999999653,-0.561836833124
983.949999999653,-0.589027854045
983.999999999653,-0.615757107298
984.049999999653,-0.642003638518
984.099999999653,-0.667746871768
984.149999999653,-0.692966625674
984.199999999653,-0.717643129238
984.249999999653,-0.741757037347
984.299999999653,-0.765289445932
984.349999999652,-0.788221906789
984.399999999652,-0.810536442043
984.449999999652,-0.832215558243
984.499999999652,-0.853242260071
984.549999999652,-0.873600063671
984.599999999652,-0.893273009566
984.649999999652,-0.912245675175
984.699999999652,-0.930503186900
984.749999999652,-0.948031231787
984.799999999652,-0.964816068747
984.849999999652,-0.980844539326
984.899999999652,-0.996104078026
984.949999999652,-1.010582722148
984.999999999652,-1.024269121179
985.049999999652,-1.037152545681
985.099999999652,-1.049222895711
985.149999999652,-1.060470708732
985.199999999652,-1.070887167034
985.249999999652,-1.080464104648
985.299999999652,-1.089194013746
985.349999999652,-1.097070050525
985.399999999652,-1.104086040577
985.449999999651,-1.110236483724
985.499999999651,-1.115516558334
985.549999999651,-1.119922125099
985.599999999651,-1.123449730281
985.649999999651,-1.126096608417
985.699999999651,-1.127860684491
985.749999999651,-1.128740575557
985.799999999651,-1.128735591826
985.849999999651,-1.127845737204
985.899999999651,-1.126071709293
985.949999999651,-1.123414898840
985.999999999651,-1.119877388647
986.049999999651,-1.115461951941
986.099999999651,-1.110172050199
986.149999999651,-1.104011830433
986.199999999651,-1.096986121939
986.249999999651,-1.089100432513
986.299999999651,-1.080360944132
986.349999999651,-1.070774508107
986.399999999651,-1.060348639712
986.449999999651,-1.049091512295
986.499999999651,-1.037011950867
986.549999999650,-1.024119425185
986.599999999650,-1.010424042329
986.649999999650,-0.995936538777
986.699999999650,-0.980668271992
986.749999999650,-0.964631211510
986.799999999650,-0.947837929568
986.849999999650,-0.930301591237
986.899999999650,-0.912035944108
986.949999999650,-0.893055307514
986.999999999650,-0.873374561301
987.049999999650,-0.853009134166
987.099999999650,-0.831974991561
987.149999999650,-0.810288623176
987.199999999650,-0.787967030014
987.249999999650,-0.765027711060
987.299999999650,-0.741488649565
987.349999999650,-0.717368298948
987.399999999650,-0.692685568328
987.449999999650,-0.667459807702
987.499999999650,-0.641710792774
987.549999999650,-0.615458709453
987.599999999650,-0.588724138027
987.649999999649,-0.561528037032
987.699999999649,-0.533891726817
987.749999999649,-0.505836872834
987.799999999649,-0.477385468652
987.849999999649,-0.448559818714
987.899999999649,-0.419382520854
987.949999999649,-0.389876448578
987.999999999649,-0.360064733136
988.049999999649,-0.329970745385
988.099999999649,-0.299618077471
988.149999999649,-0.269030524331
988.199999999649,-0.238232065040
988.249999999649,-0.207246844012
988.299999999649,-0.176099152073
988.349999999649,-0.144813407419
988.399999999649,-0.113414136470
988.449999999649,-0.081925954648
988.499999999649,-0.050373547074
988.549999999649,-0.018781649219
988.599999999649,0.012824972487
988.649999999649,0.044421540072
988.699999999649,0.075983283444
988.749999999648,0.107485459814
988.799999999648,0.138903373089
988.849999999648,0.170212393234
988.899999999648,0.201387975581
988.949999999648,0.232405680071
988.999999999648,0.263241190411
989.049999999648,0.293870333141
989.099999999648,0.324269096581
989.149999999648,0.354413649659
989.199999999648,0.384280360589
989.249999999648,0.413845815399
989.299999999648,0.443086836287
989.349999999648,0.471980499790
989.399999999648,0.500504154756
989.449999999648,0.528635440101
989.499999999648,0.556352302337
989.549999999648,0.583633012865
989.599999999648,0.610456185004
989.649999999648,0.636800790762
989.699999999648,0.662646177316
989.749999999648,0.687972083209
989.799999999648,0.712758654226
989.849999999647,0.736986458966
989.899999999647,0.760636504070
989.949999999647,0.783690249115
989.999999999647,0.806129621145
990.049999999647,0.827937028842
990.099999999647,0.849095376316
990.149999999647,0.869588076505
990.199999999647,0.889399064183
990.249999999647,0.908512808549
990.299999999647,0.926914325407
990.349999999647,0.944589188911
990.399999999647,0.961523542872
990.449999999647,0.977704111625
990.499999999647,0.993118210433
990.549999999647,1.007753755431
990.599999999647,1.021599273102
990.649999999647,1.034643909269
990.699999999647,1.046877437606
990.749999999647,1.058290267653
990.799999999647,1.068873452335
990.849999999647,1.078618694979
990.899999999647,1.087518355812
990.949999999646,1.095565457958
990.999999999646,1.102753692899
991.049999999646,1.109077425428
991.099999999646,1.114531698062
991.149999999646,1.119112234932
991.199999999646,1.122815445130
991.249999999646,1.125638425529
991.299999999646,1.127578963059
991.349999999646,1.128635536436
991.399999999646,1.128807317361
991.449999999646,1.128094171166
991.499999999646,1.126496656923
991.549999999646,1.124016026999
991.599999999646,1.120654226083
991.649999999646,1.116413889653
991.699999999646,1.111298341917
991.749999999646,1.105311593201
991.799999999646,1.098458336810
991.849999999646,1.090743945346
991.899999999646,1.082174466497
991.949999999646,1.072756618295
991.999999999646,1.062497783850
992.049999999645,1.051406005565
992.099999999645,1.039489978824
992.149999999645,1.026759045182
992.199999999645,1.013223185040
992.249999999645,0.998893009818
992.299999999645,0.983779753639
992.349999999645,0.967895264523
992.399999999645,0.951251995095
992.449999999645,0.933862992826
992.499999999645,0.915741889802
992.549999999645,0.896902892042
992.599999999645,0.877360768354
992.649999999645,0.857130838761
992.699999999645,0.836228962494
992.749999999645,0.814671525551
992.799999999645,0.792475427860
992.849999999645,0.769658070024
992.899999999645,0.746237339683
992.949999999645,0.722231597490
992.999999999645,0.697659662717
993.049999999645,0.672540798503
993.099999999645,0.646894696750
993.149999999644,0.620741462689
993.199999999644,0.594101599116
993.249999999644,0.566995990318
993.299999999644,0.539445885706
993.349999999644,0.511472883150
993.399999999644,0.483098912051
993.449999999644,0.454346216150
993.499999999644,0.425237336086
993.549999999644,0.395795091732
993.599999999644,0.366042564298
993.649999999644,0.336003078243
993.699999999644,0.305700182985
993.749999999644,0.275157634441
993.799999999644,0.244399376405
993.849999999644,0.213449521776
993.899999999644,0.182332333655
993.949999999644,0.151072206323
993.999999999644,0.119693646120
994.049999999644,0.088221252229
994.099999999644,0.056679697394
994.149999999644,0.025093708580
994.199999999644,-0.006511952416
994.249999999643,-0.038112508375
994.299999999643,-0.069683186079
994.349999999643,-0.101199235735
994.399999999643,-0.132635950374
994.449999999643,-0.163968685221
994.499999999643,-0.195172877017
994.549999999643,-0.226224063274
994.599999999643,-0.257097901453
994.649999999643,-0.287770188046
994.699999999643,-0.318216877551
994.749999999643,-0.348414101323
994.799999999643,-0.378338186285
994.849999999643,-0.407965673488
994.899999999643,-0.437273336499
994.949999999643,-0.466238199611
994.999999999643,-0.494837555855
995.049999999643,-0.523048984801
995.099999999643,-0.550850370134
995.149999999643,-0.578219916991
995.199999999643,-0.605136169049
995.249999999643,-0.631578025346
995.299999999643,-0.657524756821
995.349999999642,-0.682956022565
995.399999999642,-0.707851885768
995.449999999642,-0.732192829348
995.499999999642,-0.755959771254
995.549999999642,-0.779134079419
995.599999999642,-0.801697586372
995.649999999642,-0.823632603482
995.699999999642,-0.844921934816
995.749999999642,-0.865548890631
995.799999999642,-0.885497300448
995.849999999642,-0.904751525738
995.899999999642,-0.923296472172
995.949999999642,-0.941117601464
995.999999999642,-0.958200942760
996.049999999642,-0.974533103596
996.099999999642,-0.990101280394
996.149999999642,-1.004893268501
996.199999999642,-1.018897471757
996.249999999642,-1.032102911583
996.299999999642,-1.044499235590
996.349999999642,-1.056076725696
996.399999999642,-1.066826305741
996.449999999641,-1.076739548605
996.499999999641,-1.085808682814
996.549999999641,-1.094026598630
996.599999999641,-1.101386853630
996.649999999641,-1.107883677749
996.699999999641,-1.113511977810
996.749999999641,-1.118267341515
996.799999999641,-1.122146040902
996.849999999641,-1.125145035269
996.899999999641,-1.127261973559
996.949999999641,-1.128495196199
996.999999999641,-1.128843736407
997.049999999641,-1.128307320945
997.099999999641,-1.126886370336
997.149999999641,-1.124581998531
997.199999999641,-1.121396012041
997.249999999641,-1.117330908515
997.299999999641,-1.112389874786
997.349999999641,-1.106576784372
997.399999999641,-1.099896194438
997.449999999641,-1.092353342224
997.499999999641,-1.083954140941
997.549999999640,-1.074705175131
997.599999999640,-1.064613695510
997.649999999640,-1.053687613281
997.699999999640,-1.041935493933
997.749999999640,-1.029366550526
997.799999999640,-1.015990636468
997.849999999640,-1.001818237789
997.899999999640,-0.986860464926
997.949999999640,-0.971129044004
997.999999999640,-0.954636307654
998.049999999640,-0.937395185335
998.099999999640,-0.919419193204
998.149999999640,-0.900722423518
998.199999999640,-0.881319533587
998.249999999640,-0.861225734282
998.299999999640,-0.840456778115
998.349999999640,-0.819028946881
998.399999999640,-0.796959038903
998.449999999640,-0.774264355860
998.499999999640,-0.750962689219
998.549999999640,-0.727072306294
998.599999999640,-0.702611935922
998.649999999639,-0.677600753779
998.699999999639,-0.652058367353
998.749999999639,-0.626004800565
998.799999999639,-0.599460478077
998.849999999639,-0.572446209278
998.899999999639,-0.544983171973
998.949999999639,-0.517092895774
998.999999999639,-0.488797245231
999.049999999639,-0.460118402684
999.099999999639,-0.431078850876
999.149999999639,-0.401701355329
999.199999999639,-0.372008946494
999.249999999639,-0.342024901700
999.299999999639,-0.311772726901
999.349999999639,-0.281276138254
999.399999999639,-0.250559043521
999.449999999639,-0.219645523332
999.499999999639,-0.188559812302
999.549999999639,-0.157326280038
999.599999999639,-0.125969412028
999.649999999639,-0.094513790452
999.699999999639,-0.062984074904
999.749999999638,-0.031404983069
999.799999999638,0.000198728665
999.849999999638,0.031802284606
999.899999999638,0.063380909185
999.949999999638,0.094909846377
999.999999999638,0.126364379111
